"7e8f3455d6039627c9c3685dfbdc4d5a"
"1f62ab6ad84ea03c1f257dce43aebab0"
(preamble 0 1 38 1 38)
(0 0 1 38 30 37)
(brace 6 1 30 1 30)
(brace 9 36 38 37 38)
(brace 8 44 46 45 46)
(brace 9 51 53 52 53)
(preamble 1 54 70 54 70)
(environment 2 54 70 54 70)
(brace 3 54 61 54 61)
(brace 9 68 70 69 70)
(inline-math 0 77 78 77 78)
(brace 8 94 96 95 96)
(brace 9 96 98 97 98)
(inline-math 0 102 103 102 103)
(inline-math 0 132 133 132 133)
(brace 8 140 142 141 142)
(brace 9 142 144 143 144)
(inline-math 0 144 145 144 145)
(inline-math 0 164 165 164 165)
(brace 8 172 174 173 174)
(brace 9 174 176 175 176)
(inline-math 0 176 177 176 177)
(environment 2 180 191 180 191)
(brace 3 180 187 180 187)
(brace 9 189 191 190 191)
(inline-math 0 199 200 199 200)
(brace 8 224 226 225 226)
(brace 9 226 228 227 228)
(inline-math 0 231 232 231 232)
(inline-math 0 253 254 253 254)
(brace 8 278 280 279 280)
(brace 9 280 282 281 282)
(inline-math 0 285 286 285 286)
(display-math 0 296 299 297 299)
(brace 8 315 317 316 317)
(brace 9 322 324 323 324)
(brace 8 339 341 340 341)
(brace 9 341 343 342 343)
(display-math 1 362 365 363 365)
(inline-math 0 416 417 416 417)
(inline-math 0 418 419 418 419)
(inline-math 0 434 435 434 435)
(brace 8 452 454 453 454)
(brace 9 454 456 455 456)
(inline-math 0 457 458 457 458)
(environment 3 460 469 460 469)
(brace 4 460 465 460 465)
(brace 9 467 469 468 469)
(brace 8 483 485 484 485)
(brace 9 501 503 502 503)
(inline-math 0 504 505 504 505)
(brace 8 523 525 524 525)
(brace 9 525 527 526 527)
(inline-math 0 530 531 530 531)
(inline-math 0 570 571 570 571)
(brace 8 589 591 590 591)
(brace 9 591 593 592 593)
(inline-math 0 596 597 596 597)
(inline-math 0 613 614 613 614)
(brace 8 617 619 618 619)
(brace 9 619 621 620 621)
(brace 8 620 622 621 622)
(brace 9 622 624 623 624)
(brace 8 653 655 654 655)
(brace 9 655 657 656 657)
(brace 8 667 669 668 669)
(brace 8 675 677 676 677)
(brace 9 677 679 678 679)
(brace 9 678 680 679 680)
(inline-math 0 680 681 680 681)
(inline-math 0 733 734 733 734)
(brace 8 752 754 753 754)
(brace 9 754 756 755 756)
(inline-math 0 759 760 759 760)
(inline-math 0 777 778 777 778)
(brace 8 796 798 797 798)
(brace 9 798 800 799 800)
(inline-math 0 803 804 803 804)
(inline-math 0 824 825 824 825)
(brace 8 843 845 844 845)
(brace 9 845 847 846 847)
(inline-math 0 850 851 850 851)
(inline-math 0 861 862 861 862)
(brace 8 865 867 866 867)
(brace 9 867 869 868 869)
(brace 8 868 870 869 870)
(brace 9 870 872 871 872)
(inline-math 0 872 873 872 873)
(inline-math 0 888 889 888 889)
(brace 8 907 909 908 909)
(brace 9 909 911 910 911)
(inline-math 0 914 915 914 915)
(inline-math 0 937 938 937 938)
(brace 8 956 958 957 958)
(brace 9 958 960 959 960)
(inline-math 0 963 964 963 964)
(inline-math 0 1016 1017 1016 1017)
(inline-math 0 1033 1034 1033 1034)
(inline-math 0 1045 1046 1045 1046)
(brace 8 1064 1066 1065 1066)
(brace 9 1066 1068 1067 1068)
(inline-math 0 1071 1072 1071 1072)
(inline-math 0 1078 1079 1078 1079)
(brace 8 1085 1087 1086 1087)
(brace 9 1087 1089 1088 1089)
(inline-math 0 1089 1090 1089 1090)
(inline-math 0 1234 1235 1234 1235)
(brace 8 1259 1261 1260 1261)
(brace 9 1261 1263 1262 1263)
(inline-math 0 1266 1267 1266 1267)
(inline-math 0 1280 1281 1280 1281)
(brace 8 1313 1315 1314 1315)
(brace 9 1315 1317 1316 1317)
(inline-math 0 1337 1338 1337 1338)
(inline-math 0 1379 1380 1379 1380)
(inline-math 0 1381 1382 1381 1382)
(inline-math 0 1415 1416 1415 1416)
(brace 8 1417 1419 1418 1419)
(brace 9 1424 1426 1425 1426)
(brace 8 1441 1443 1442 1443)
(brace 9 1443 1445 1444 1445)
(inline-math 0 1448 1449 1448 1449)
(inline-math 0 1455 1456 1455 1456)
(brace 8 1457 1459 1458 1459)
(brace 9 1459 1461 1460 1461)
(brace 8 1476 1478 1477 1478)
(brace 9 1478 1480 1479 1480)
(inline-math 0 1483 1484 1483 1484)
(inline-math 0 1520 1521 1520 1521)
(inline-math 0 1530 1531 1530 1531)
(inline-math 0 1565 1566 1565 1566)
(inline-math 0 1573 1574 1573 1574)
(inline-math 0 1593 1594 1593 1594)
(brace 8 1595 1597 1596 1597)
(brace 9 1602 1604 1603 1604)
(brace 8 1619 1621 1620 1621)
(brace 9 1621 1623 1622 1623)
(inline-math 0 1626 1627 1626 1627)
(inline-math 0 1647 1648 1647 1648)
(brace 8 1666 1668 1667 1668)
(brace 9 1668 1670 1669 1670)
(inline-math 0 1673 1674 1673 1674)
(inline-math 0 1680 1681 1680 1681)
(inline-math 0 1688 1689 1688 1689)
(brace 8 1703 1705 1704 1705)
(brace 9 1728 1730 1729 1730)
(inline-math 0 1736 1737 1736 1737)
(inline-math 0 1738 1739 1738 1739)
(inline-math 0 1818 1819 1818 1819)
(brace 8 1830 1832 1831 1832)
(brace 9 1832 1834 1833 1834)
(inline-math 0 1837 1838 1837 1838)
(inline-math 0 1896 1897 1896 1897)
(inline-math 0 1909 1910 1909 1910)
(inline-math 0 1922 1923 1922 1923)
(brace 8 1931 1933 1932 1933)
(brace 9 1933 1935 1934 1935)
(brace 8 1949 1951 1950 1951)
(brace 9 1951 1953 1952 1953)
(inline-math 0 1960 1961 1960 1961)
(inline-math 0 1965 1966 1965 1966)
(brace 8 1974 1976 1975 1976)
(brace 9 1976 1978 1977 1978)
(brace 8 1992 1994 1993 1994)
(brace 9 1994 1996 1995 1996)
(inline-math 0 2003 2004 2003 2004)
(inline-math 0 2011 2012 2011 2012)
(brace 8 2019 2021 2020 2021)
(brace 9 2021 2023 2022 2023)
(brace 8 2033 2035 2034 2035)
(brace 9 2035 2037 2036 2037)
(brace 8 2048 2050 2049 2050)
(brace 8 2063 2065 2064 2065)
(brace 9 2065 2067 2066 2067)
(brace 9 2067 2069 2068 2069)
(inline-math 0 2069 2070 2069 2070)
(inline-math 0 2077 2078 2077 2078)
(brace 8 2087 2089 2088 2089)
(brace 9 2089 2091 2090 2091)
(brace 8 2101 2103 2102 2103)
(brace 9 2103 2105 2104 2105)
(brace 8 2117 2119 2118 2119)
(brace 9 2119 2121 2120 2121)
(inline-math 0 2122 2123 2122 2123)
(inline-math 0 2134 2135 2134 2135)
(brace 8 2143 2145 2144 2145)
(brace 9 2150 2152 2151 2152)
(inline-math 0 2152 2153 2152 2153)
(display-math 0 2210 2212 2210 2212)
(brace 8 2229 2231 2230 2231)
(brace 9 2231 2233 2232 2233)
(display-math 1 2251 2254 2252 2254)
(environment 3 2337 2351 2337 2351)
(brace 4 2337 2342 2337 2342)
(brace 9 2349 2351 2350 2351)
(comment 0 2352 2353 2352 2353)
(comment 0 2353 2354 2353 2354)
(comment 0 2354 2355 2354 2355)
(comment 0 2373 2374 2373 2374)
(comment 0 2374 2375 2374 2375)
(comment 0 2375 2376 2375 2376)
(comment 0 2389 2390 2389 2390)
(comment 0 2390 2391 2390 2391)
(comment 0 2391 2392 2391 2392)
(comment 0 2407 2408 2407 2408)
(comment 0 2408 2409 2408 2409)
(comment 0 2409 2410 2409 2410)
