"6c32ad699abae8b562085aaf53876ea1"
"1f62ab6ad84ea03c1f257dce43aebab0"
(preamble 0 1 30 1 30)
(0 0 1 30 22 29)
(brace 6 1 22 1 22)
(brace 9 28 30 29 30)
(1 0 31 59 53 58)
(comment 0 31 32 31 32)
(brace 8 51 53 52 53)
(brace 9 57 59 58 59)
(1 0 60 84 76 83)
(brace 8 74 76 75 76)
(brace 9 82 84 83 84)
(comment 0 100 101 100 101)
(1 0 131 159 150 158)
(brace 8 148 150 149 150)
(brace 9 157 159 158 159)
(comment 0 170 171 170 171)
(1 0 204 223 216 222)
(brace 0 204 216 204 216)
(brace 9 221 223 222 223)
(comment 0 244 245 244 245)
(1 0 276 296 288 295)
(brace 0 276 288 276 288)
(brace 9 294 296 295 296)
(comment 0 300 301 300 301)
(1 0 335 356 347 355)
(brace 0 335 347 335 347)
(brace 9 354 356 355 356)
(comment 0 359 360 359 360)
(1 0 390 410 402 409)
(brace 0 390 402 390 402)
(brace 9 408 410 409 410)
(comment 0 430 431 430 431)
(1 0 464 484 476 483)
(brace 0 464 476 464 476)
(brace 9 482 484 483 484)
(1 0 485 506 497 505)
(brace 0 485 497 485 497)
(brace 9 504 506 505 506)
(1 0 507 527 519 526)
(brace 0 507 519 507 519)
(brace 9 525 527 526 527)
(1 0 528 549 540 548)
(brace 0 528 540 528 540)
(brace 9 547 549 548 549)
(comment 0 551 552 551 552)
(brace 8 586 588 587 588)
(brace 9 589 591 590 591)
(brace 8 604 606 605 606)
(brace 9 609 611 610 611)
(brace 8 610 612 611 612)
(brace 9 615 617 616 617)
(brace 8 616 618 617 618)
(brace 9 621 623 622 623)
(brace 8 622 624 623 624)
(brace 9 627 629 628 629)
(brace 8 628 630 629 630)
(brace 9 633 635 634 635)
(brace 8 634 636 635 636)
(brace 9 638 640 639 640)
(brace 8 639 641 640 641)
(brace 9 643 645 644 645)
(brace 8 644 646 645 646)
(brace 9 649 651 650 651)
(comment 0 653 654 653 654)
(brace 8 681 683 682 683)
(brace 9 694 696 695 696)
(brace 8 706 708 707 708)
(brace 9 718 720 719 720)
(brace 8 730 732 731 732)
(brace 9 743 745 744 745)
(brace 8 755 757 756 757)
(brace 9 769 771 770 771)
(newcommand 0 772 802 784 801)
(brace 8 782 784 783 784)
(brace 9 800 802 801 802)
(brace 8 807 809 808 809)
(comment 0 809 810 809 810)
(brace 8 829 831 830 831)
(brace 9 841 843 842 843)
(brace 8 842 844 843 844)
(brace 9 845 847 846 847)
(comment 0 847 848 847 848)
(brace 8 867 869 868 869)
(brace 9 880 882 881 882)
(brace 8 881 883 882 883)
(brace 9 884 886 885 886)
(comment 0 886 887 886 887)
(brace 8 906 908 907 908)
(brace 9 919 921 920 921)
(brace 8 920 922 921 922)
(brace 9 923 925 924 925)
(comment 0 925 926 925 926)
(brace 8 945 947 946 947)
(brace 8 952 954 953 954)
(brace 9 965 967 966 967)
(brace 9 970 972 971 972)
(brace 8 988 990 989 990)
(brace 8 999 1001 1000 1001)
(brace 9 1013 1015 1014 1015)
(brace 8 1014 1016 1015 1016)
(brace 9 1018 1020 1019 1020)
(brace 9 1019 1021 1020 1021)
(brace 8 1020 1022 1021 1022)
(brace 9 1021 1023 1022 1023)
(comment 0 1023 1024 1023 1024)
(brace 8 1043 1045 1044 1045)
(brace 8 1050 1052 1051 1052)
(brace 9 1063 1065 1064 1065)
(brace 9 1068 1070 1069 1070)
(brace 8 1086 1088 1087 1088)
(brace 8 1097 1099 1098 1099)
(brace 9 1111 1113 1112 1113)
(brace 8 1112 1114 1113 1114)
(brace 9 1129 1131 1130 1131)
(brace 9 1130 1132 1131 1132)
(brace 8 1131 1133 1132 1133)
(brace 9 1132 1134 1133 1134)
(comment 0 1134 1135 1134 1135)
(brace 8 1154 1156 1155 1156)
(brace 8 1161 1163 1162 1163)
(brace 9 1174 1176 1175 1176)
(brace 9 1179 1181 1180 1181)
(brace 8 1197 1199 1198 1199)
(brace 8 1208 1210 1209 1210)
(brace 9 1222 1224 1223 1224)
(brace 8 1223 1225 1224 1225)
(brace 9 1238 1240 1239 1240)
(brace 9 1239 1241 1240 1241)
(brace 8 1240 1242 1241 1242)
(brace 9 1241 1243 1242 1243)
(comment 0 1243 1244 1243 1244)
(brace 8 1263 1265 1264 1265)
(brace 8 1270 1272 1271 1272)
(brace 9 1283 1285 1284 1285)
(brace 9 1288 1290 1289 1290)
(brace 8 1306 1308 1307 1308)
(brace 8 1317 1319 1318 1319)
(brace 9 1331 1333 1332 1333)
(brace 8 1332 1334 1333 1334)
(brace 9 1347 1349 1348 1349)
(brace 9 1348 1350 1349 1350)
(brace 8 1349 1351 1350 1351)
(brace 9 1350 1352 1351 1352)
(comment 0 1352 1353 1352 1353)
(brace 8 1372 1374 1373 1374)
(brace 8 1379 1381 1380 1381)
(brace 9 1392 1394 1393 1394)
(brace 9 1397 1399 1398 1399)
(brace 8 1415 1417 1416 1417)
(brace 8 1426 1428 1427 1428)
(brace 9 1440 1442 1441 1442)
(brace 8 1441 1443 1442 1443)
(brace 9 1445 1447 1446 1447)
(brace 9 1446 1448 1447 1448)
(brace 8 1447 1449 1448 1449)
(brace 9 1448 1450 1449 1450)
(comment 0 1450 1451 1450 1451)
(comment 0 1468 1469 1468 1469)
(comment 0 1537 1538 1537 1538)
(comment 0 1596 1597 1596 1597)
(comment 0 1675 1676 1675 1676)
(comment 0 1693 1694 1693 1694)
(comment 0 1730 1731 1730 1731)
(comment 0 1748 1749 1748 1749)
(comment 0 1827 1828 1827 1828)
(brace 8 1853 1855 1854 1855)
(brace 9 1854 1856 1855 1856)
(comment 0 1877 1878 1877 1878)
(comment 0 1895 1896 1895 1896)
(comment 0 1964 1965 1964 1965)
(comment 0 2006 2007 2006 2007)
(brace 9 2011 2013 2012 2013)
(newcommand 0 2014 2035 2026 2034)
(brace 8 2024 2026 2025 2026)
(brace 9 2033 2035 2034 2035)
(brace 8 2040 2042 2041 2042)
(brace 8 2062 2064 2063 2064)
(brace 9 2063 2065 2064 2065)
(brace 8 2064 2066 2065 2066)
(brace 9 2067 2069 2068 2069)
(brace 8 2068 2070 2069 2070)
(brace 9 2069 2071 2070 2071)
(brace 9 2070 2072 2071 2072)
(newcommand 0 2073 2098 2085 2097)
(brace 8 2083 2085 2084 2085)
(brace 9 2096 2098 2097 2098)
(brace 8 2103 2105 2104 2105)
(brace 8 2125 2127 2126 2127)
(brace 9 2128 2130 2129 2130)
(brace 8 2129 2131 2130 2131)
(brace 9 2132 2134 2133 2134)
(brace 8 2133 2135 2134 2135)
(brace 9 2134 2136 2135 2136)
(brace 9 2135 2137 2136 2137)
(newcommand 0 2138 2164 2150 2163)
(brace 8 2148 2150 2149 2150)
(brace 9 2162 2164 2163 2164)
(brace 8 2169 2171 2170 2171)
(brace 8 2191 2193 2192 2193)
(brace 9 2192 2194 2193 2194)
(brace 8 2193 2195 2194 2195)
(brace 9 2196 2198 2197 2198)
(brace 8 2197 2199 2198 2199)
(brace 9 2200 2202 2201 2202)
(brace 9 2201 2203 2202 2203)
(newcommand 0 2204 2234 2216 2233)
(brace 8 2214 2216 2215 2216)
(brace 9 2232 2234 2233 2234)
(brace 8 2239 2241 2240 2241)
(brace 8 2261 2263 2262 2263)
(brace 9 2264 2266 2265 2266)
(brace 8 2265 2267 2266 2267)
(brace 8 2271 2273 2272 2273)
(brace 9 2274 2276 2275 2276)
(brace 9 2275 2277 2276 2277)
(brace 8 2276 2278 2277 2278)
(brace 9 2279 2281 2280 2281)
(brace 9 2280 2282 2281 2282)
(newcommand 0 2284 2304 2296 2303)
(brace 8 2294 2296 2295 2296)
(brace 9 2302 2304 2303 2304)
(brace 8 2306 2308 2307 2308)
(brace 8 2321 2323 2322 2323)
(brace 8 2329 2331 2330 2331)
(brace 9 2332 2334 2333 2334)
(brace 8 2333 2335 2334 2335)
(brace 9 2335 2337 2336 2337)
(brace 9 2337 2339 2338 2339)
(brace 8 2338 2340 2339 2340)
(brace 9 2340 2342 2341 2342)
(brace 8 2341 2343 2342 2343)
(brace 8 2356 2358 2357 2358)
(brace 8 2364 2366 2365 2366)
(brace 9 2367 2369 2368 2369)
(brace 8 2368 2370 2369 2370)
(brace 9 2370 2372 2371 2372)
(brace 9 2372 2374 2373 2374)
(brace 8 2373 2375 2374 2375)
(brace 9 2376 2378 2377 2378)
(brace 8 2377 2379 2378 2379)
(brace 8 2392 2394 2393 2394)
(brace 8 2400 2402 2401 2402)
(brace 9 2403 2405 2404 2405)
(brace 8 2404 2406 2405 2406)
(brace 9 2406 2408 2407 2408)
(brace 9 2408 2410 2409 2410)
(brace 8 2409 2411 2410 2411)
(brace 9 2413 2415 2414 2415)
(brace 8 2414 2416 2415 2416)
(brace 8 2429 2431 2430 2431)
(brace 8 2437 2439 2438 2439)
(brace 9 2440 2442 2441 2442)
(brace 8 2441 2443 2442 2443)
(brace 9 2443 2445 2444 2445)
(brace 9 2445 2447 2446 2447)
(brace 8 2446 2448 2447 2448)
(brace 9 2449 2451 2450 2451)
(brace 8 2450 2452 2451 2452)
(brace 8 2465 2467 2466 2467)
(brace 8 2473 2475 2474 2475)
(brace 9 2476 2478 2477 2478)
(brace 8 2477 2479 2478 2479)
(brace 9 2479 2481 2480 2481)
(brace 9 2481 2483 2482 2483)
(brace 8 2482 2484 2483 2484)
(brace 9 2484 2486 2485 2486)
(brace 8 2485 2487 2486 2487)
(brace 8 2500 2502 2501 2502)
(brace 8 2508 2510 2509 2510)
(brace 9 2511 2513 2512 2513)
(brace 8 2512 2514 2513 2514)
(brace 9 2514 2516 2515 2516)
(brace 9 2516 2518 2517 2518)
(brace 8 2517 2519 2518 2519)
(brace 9 2520 2522 2521 2522)
(brace 8 2521 2523 2522 2523)
(brace 8 2536 2538 2537 2538)
(brace 8 2544 2546 2545 2546)
(brace 9 2547 2549 2548 2549)
(brace 8 2548 2550 2549 2550)
(brace 9 2550 2552 2551 2552)
(brace 9 2552 2554 2553 2554)
(brace 8 2553 2555 2554 2555)
(brace 9 2557 2559 2558 2559)
(brace 8 2558 2560 2559 2560)
(brace 8 2573 2575 2574 2575)
(brace 8 2581 2583 2582 2583)
(brace 9 2584 2586 2585 2586)
(brace 8 2585 2587 2586 2587)
(brace 9 2587 2589 2588 2589)
(brace 9 2589 2591 2590 2591)
(brace 8 2590 2592 2591 2592)
(brace 9 2595 2597 2596 2597)
(brace 8 2596 2598 2597 2598)
(brace 8 2611 2613 2612 2613)
(brace 8 2619 2621 2620 2621)
(brace 9 2622 2624 2623 2624)
(brace 8 2623 2625 2624 2625)
(brace 9 2625 2627 2626 2627)
(brace 9 2627 2629 2628 2629)
(brace 8 2628 2630 2629 2630)
(brace 9 2631 2633 2632 2633)
(brace 8 2632 2634 2633 2634)
(brace 8 2647 2649 2648 2649)
(brace 8 2655 2657 2656 2657)
(brace 9 2658 2660 2659 2660)
(brace 8 2659 2661 2660 2661)
(brace 9 2662 2664 2663 2664)
(brace 9 2664 2666 2665 2666)
(brace 8 2665 2667 2666 2667)
(brace 9 2667 2669 2668 2669)
(brace 8 2668 2670 2669 2670)
(brace 8 2683 2685 2684 2685)
(brace 8 2691 2693 2692 2693)
(brace 9 2694 2696 2695 2696)
(brace 8 2695 2697 2696 2697)
(brace 9 2698 2700 2699 2700)
(brace 9 2700 2702 2701 2702)
(brace 8 2701 2703 2702 2703)
(brace 9 2704 2706 2705 2706)
(brace 8 2705 2707 2706 2707)
(brace 8 2720 2722 2721 2722)
(brace 8 2728 2730 2729 2730)
(brace 9 2731 2733 2732 2733)
(brace 8 2732 2734 2733 2734)
(brace 9 2735 2737 2736 2737)
(brace 9 2737 2739 2738 2739)
(brace 8 2738 2740 2739 2740)
(brace 9 2742 2744 2743 2744)
(brace 8 2743 2745 2744 2745)
(brace 8 2758 2760 2759 2760)
(brace 8 2766 2768 2767 2768)
(brace 9 2769 2771 2770 2771)
(brace 8 2770 2772 2771 2772)
(brace 9 2773 2775 2774 2775)
(brace 9 2775 2777 2776 2777)
(brace 8 2776 2778 2777 2778)
(brace 9 2781 2783 2782 2783)
(brace 8 2782 2784 2783 2784)
(brace 8 2797 2799 2798 2799)
(brace 8 2805 2807 2806 2807)
(brace 9 2808 2810 2809 2810)
(brace 8 2809 2811 2810 2811)
(brace 9 2812 2814 2813 2814)
(brace 9 2814 2816 2815 2816)
(brace 8 2815 2817 2816 2817)
(brace 9 2819 2821 2820 2821)
(brace 8 2820 2822 2821 2822)
(brace 8 2835 2837 2836 2837)
(brace 8 2843 2845 2844 2845)
(brace 9 2846 2848 2847 2848)
(brace 8 2847 2849 2848 2849)
(brace 9 2850 2852 2851 2852)
(brace 9 2852 2854 2853 2854)
(brace 8 2853 2855 2854 2855)
(brace 9 2856 2858 2857 2858)
(brace 8 2857 2859 2858 2859)
(brace 8 2872 2874 2873 2874)
(brace 8 2880 2882 2881 2882)
(brace 9 2883 2885 2884 2885)
(brace 8 2884 2886 2885 2886)
(brace 9 2887 2889 2888 2889)
(brace 9 2889 2891 2890 2891)
(brace 8 2890 2892 2891 2892)
(brace 9 2894 2896 2895 2896)
(brace 8 2895 2897 2896 2897)
(brace 8 2910 2912 2911 2912)
(brace 8 2918 2920 2919 2920)
(brace 9 2921 2923 2922 2923)
(brace 8 2922 2924 2923 2924)
(brace 9 2925 2927 2926 2927)
(brace 9 2927 2929 2928 2929)
(brace 8 2928 2930 2929 2930)
(brace 9 2933 2935 2934 2935)
(brace 8 2934 2936 2935 2936)
(brace 8 2949 2951 2950 2951)
(brace 8 2957 2959 2958 2959)
(brace 9 2960 2962 2961 2962)
(brace 8 2961 2963 2962 2963)
(brace 9 2964 2966 2965 2966)
(brace 9 2966 2968 2967 2968)
(brace 8 2967 2969 2968 2969)
(brace 9 2973 2975 2974 2975)
(brace 8 2974 2976 2975 2976)
(brace 9 3015 3017 3016 3017)
(brace 9 3017 3019 3018 3019)
(brace 9 3019 3021 3020 3021)
(brace 9 3021 3023 3022 3023)
(brace 9 3023 3025 3024 3025)
(brace 9 3025 3027 3026 3027)
(brace 9 3027 3029 3028 3029)
(brace 9 3029 3031 3030 3031)
(brace 9 3031 3033 3032 3033)
(brace 9 3033 3035 3034 3035)
(brace 9 3035 3037 3036 3037)
(brace 9 3037 3039 3038 3039)
(brace 9 3039 3041 3040 3041)
(brace 9 3041 3043 3042 3043)
(brace 9 3043 3045 3044 3045)
(brace 9 3045 3047 3046 3047)
(brace 9 3047 3049 3048 3049)
(brace 9 3049 3051 3050 3051)
(brace 9 3052 3053 3052 3053)
(brace 8 3065 3067 3066 3067)
(brace 9 3075 3077 3076 3077)
(newenvironment 0 3078 3097 3094 3096)
(brace 8 3092 3094 3093 3094)
(brace 9 3095 3097 3096 3097)
(brace 8 3099 3101 3100 3101)
(environment 2 3103 3115 3103 3115)
(brace 3 3103 3110 3103 3110)
(brace 9 3113 3115 3114 3115)
(brace 8 3114 3116 3115 3116)
(inline-math 0 3117 3118 3117 3118)
(brace 8 3124 3126 3125 3126)
(brace 9 3138 3140 3139 3140)
(inline-math 0 3140 3141 3140 3141)
(brace 9 3141 3143 3142 3143)
(brace 8 3142 3144 3143 3144)
(brace 8 3157 3159 3158 3159)
(brace 9 3167 3169 3168 3169)
(brace 8 3268 3270 3269 3270)
(brace 9 3280 3282 3281 3282)
(brace 8 3281 3283 3282 3283)
(brace 9 3286 3288 3287 3288)
(comment 0 3317 3318 3317 3318)
(brace 8 3329 3331 3330 3331)
(brace 9 3341 3343 3342 3343)
(brace 8 3342 3344 3343 3344)
(brace 9 3352 3354 3353 3354)
(brace 9 3355 3357 3356 3357)
(brace 8 3356 3358 3357 3358)
(environment 3 3357 3368 3357 3368)
(brace 4 3357 3363 3358 3363)
(brace 9 3366 3368 3367 3368)
(brace 9 3369 3370 3369 3370)
(comment 0 3373 3374 3373 3374)
(newcommand 0 3416 3433 3428 3432)
(brace 8 3426 3428 3427 3428)
(brace 9 3431 3433 3432 3433)
(brace 8 3432 3434 3433 3434)
(brace 8 3442 3444 3443 3444)
(brace 9 3444 3446 3445 3446)
(brace 9 3445 3447 3446 3447)
(newcommand 0 3448 3465 3460 3464)
(brace 8 3458 3460 3459 3460)
(brace 9 3463 3465 3464 3465)
(brace 8 3464 3466 3465 3466)
(brace 8 3474 3476 3475 3476)
(brace 9 3476 3478 3477 3478)
(brace 9 3477 3479 3478 3479)
(newcommand 0 3480 3496 3492 3495)
(brace 8 3490 3492 3491 3492)
(brace 9 3494 3496 3495 3496)
(brace 8 3495 3497 3496 3497)
(brace 8 3503 3505 3504 3505)
(brace 9 3505 3507 3506 3507)
(brace 9 3506 3508 3507 3508)
(newcommand 0 3509 3525 3521 3524)
(brace 8 3519 3521 3520 3521)
(brace 9 3523 3525 3524 3525)
(brace 8 3524 3526 3525 3526)
(brace 8 3532 3534 3533 3534)
(brace 9 3534 3536 3535 3536)
(brace 9 3535 3537 3536 3537)
(newcommand 0 3538 3554 3550 3553)
(brace 8 3548 3550 3549 3550)
(brace 9 3552 3554 3553 3554)
(brace 8 3553 3555 3554 3555)
(brace 9 3560 3562 3561 3562)
(newcommand 0 3563 3580 3575 3579)
(brace 8 3573 3575 3574 3575)
(brace 9 3578 3580 3579 3580)
(brace 8 3582 3584 3583 3584)
(brace 8 3583 3585 3584 3585)
(brace 8 3595 3597 3596 3597)
(brace 8 3603 3605 3604 3605)
(brace 9 3606 3608 3607 3608)
(brace 9 3607 3609 3608 3609)
(brace 9 3608 3610 3609 3610)
(brace 9 3609 3611 3610 3611)
(newcommand 0 3612 3631 3624 3630)
(brace 8 3622 3624 3623 3624)
(brace 9 3629 3631 3630 3631)
(brace 8 3630 3632 3631 3632)
(brace 8 3643 3645 3644 3645)
(brace 9 3649 3651 3650 3651)
(brace 8 3650 3652 3651 3652)
(brace 9 3657 3659 3658 3659)
(brace 9 3658 3660 3659 3660)
(newcommand 0 3661 3684 3673 3683)
(brace 8 3671 3673 3672 3673)
(brace 9 3682 3684 3683 3684)
(brace 8 3686 3688 3687 3688)
(brace 8 3698 3700 3699 3700)
(brace 9 3716 3718 3717 3718)
(brace 9 3717 3719 3718 3719)
(newcommand 0 3720 3737 3732 3736)
(brace 8 3730 3732 3731 3732)
(brace 9 3735 3737 3736 3737)
(brace 8 3739 3741 3740 3741)
(brace 8 3751 3753 3752 3753)
(brace 8 3762 3764 3763 3764)
(brace 9 3765 3767 3766 3767)
(brace 9 3766 3768 3767 3768)
(brace 9 3767 3769 3768 3769)
(comment 0 3776 3777 3776 3777)
(newcommand 0 3787 3803 3799 3802)
(brace 8 3797 3799 3798 3799)
(brace 9 3801 3803 3802 3803)
(brace 8 3802 3804 3803 3804)
(brace 9 3816 3818 3817 3818)
(newcommand 0 3821 3839 3834 3838)
(brace 8 3832 3834 3833 3834)
(brace 9 3837 3839 3838 3839)
(brace 8 3838 3840 3839 3840)
(brace 8 3853 3855 3854 3855)
(brace 9 3854 3856 3855 3856)
(brace 8 3864 3866 3865 3866)
(brace 9 3865 3867 3866 3867)
(brace 8 3873 3875 3874 3875)
(brace 9 3875 3877 3876 3877)
(brace 9 3880 3882 3881 3882)
(comment 0 3884 3885 3884 3885)
(brace 8 3949 3951 3950 3951)
(brace 9 3960 3962 3961 3962)
(comment 0 3962 3963 3962 3963)
(brace 8 3971 3973 3972 3973)
(brace 8 3996 3998 3997 3998)
(brace 9 4005 4007 4006 4007)
(brace 9 4006 4008 4007 4008)
(brace 8 4021 4023 4022 4023)
(brace 9 4031 4033 4032 4033)
(brace 8 4032 4034 4033 4034)
(brace 9 4043 4045 4044 4045)
(comment 0 4061 4062 4061 4062)
(comment 0 4062 4063 4062 4063)
(comment 0 4063 4064 4063 4064)
(comment 0 4064 4065 4064 4065)
(comment 0 4065 4066 4065 4066)
(newcommand 0 4087 4108 4099 4107)
(brace 8 4097 4099 4098 4099)
(brace 9 4106 4108 4107 4108)
(brace 8 4107 4109 4108 4109)
(brace 9 4120 4122 4121 4122)
(brace 8 4133 4135 4134 4135)
(brace 9 4138 4140 4139 4140)
(brace 8 4153 4155 4154 4155)
(brace 9 4162 4164 4163 4164)
(brace 8 4163 4165 4164 4165)
(brace 8 4171 4173 4172 4173)
(brace 9 4176 4178 4177 4178)
(brace 9 4177 4179 4178 4179)
(newenvironment 0 4181 4201 4197 4200)
(brace 8 4195 4197 4196 4197)
(brace 9 4199 4201 4200 4201)
(brace 8 4211 4212 4211 4212)
(brace 8 4229 4231 4230 4231)
(brace 9 4234 4236 4235 4236)
(brace 8 4249 4251 4250 4251)
(brace 8 4257 4259 4258 4259)
(brace 9 4260 4262 4261 4262)
(brace 8 4261 4263 4262 4263)
(brace 9 4266 4268 4267 4268)
(brace 9 4268 4270 4269 4270)
(brace 8 4269 4271 4270 4271)
(brace 8 4284 4286 4285 4286)
(brace 9 4311 4313 4312 4313)
(brace 9 4315 4317 4316 4317)
(brace 8 4316 4318 4317 4318)
(brace 8 4331 4333 4332 4333)
(brace 8 4358 4360 4359 4360)
(brace 9 4359 4361 4360 4361)
(brace 9 4373 4375 4374 4375)
(brace 9 4377 4379 4378 4379)
(comment 0 4380 4381 4380 4381)
(comment 0 4390 4391 4390 4391)
(brace 9 4399 4400 4399 4400)
(brace 9 4401 4403 4402 4403)
(brace 8 4401 4402 4401 4402)
(brace 8 4415 4417 4416 4417)
(brace 9 4426 4428 4427 4428)
(newenvironment 0 4429 4455 4445 4454)
(brace 8 4443 4445 4444 4445)
(brace 9 4453 4455 4454 4455)
(brace 8 4454 4456 4455 4456)
(environment 2 4457 4469 4457 4469)
(brace 3 4457 4464 4457 4464)
(brace 9 4467 4469 4468 4469)
(brace 8 4468 4470 4469 4470)
(brace 8 4469 4471 4470 4471)
(brace 8 4483 4485 4484 4485)
(brace 9 4494 4496 4495 4496)
(brace 9 4496 4498 4497 4498)
(brace 9 4497 4499 4498 4499)
(brace 8 4498 4500 4499 4500)
(brace 8 4513 4515 4514 4515)
(brace 9 4524 4526 4525 4526)
(brace 8 4607 4609 4608 4609)
(brace 9 4619 4621 4620 4621)
(brace 8 4620 4622 4621 4622)
(brace 8 4621 4623 4622 4623)
(brace 9 4633 4635 4634 4635)
(brace 9 4634 4636 4635 4636)
(brace 8 4692 4694 4693 4694)
(brace 9 4704 4706 4705 4706)
(brace 8 4705 4707 4706 4707)
(brace 9 4715 4717 4716 4717)
(brace 9 4718 4720 4719 4720)
(brace 8 4719 4721 4720 4721)
(environment 3 4720 4731 4720 4731)
(brace 4 4720 4726 4721 4726)
(brace 9 4729 4731 4730 4731)
(brace 9 4731 4733 4732 4733)
(newcommand 0 4735 4757 4747 4756)
(brace 8 4745 4747 4746 4747)
(brace 9 4755 4757 4756 4757)
(brace 8 4759 4761 4760 4761)
(brace 9 4760 4762 4761 4762)
(comment 0 4764 4765 4764 4765)
(comment 0 4765 4766 4765 4766)
(comment 0 4766 4767 4766 4767)
(comment 0 4767 4768 4767 4768)
(comment 0 4768 4769 4768 4769)
(comment 0 4769 4770 4769 4770)
(comment 0 4770 4771 4770 4771)
(comment 0 4771 4772 4771 4772)
(comment 0 4772 4773 4772 4773)
(comment 0 4773 4774 4773 4774)
(comment 0 4774 4775 4774 4775)
(comment 0 4775 4776 4775 4776)
(comment 0 4776 4777 4776 4777)
(comment 0 4777 4778 4777 4778)
(comment 0 4778 4779 4778 4779)
(comment 0 4779 4780 4779 4780)
(comment 0 4780 4781 4780 4781)
(comment 0 4781 4782 4781 4782)
(comment 0 4782 4783 4782 4783)
(comment 0 4783 4784 4783 4784)
(comment 0 4784 4785 4784 4785)
(comment 0 4785 4786 4785 4786)
(comment 0 4786 4787 4786 4787)
(comment 0 4787 4788 4787 4788)
(comment 0 4788 4789 4788 4789)
(comment 0 4789 4790 4789 4790)
(comment 0 4790 4791 4790 4791)
(comment 0 4791 4792 4791 4792)
(comment 0 4792 4793 4792 4793)
(comment 0 4793 4794 4793 4794)
(comment 0 4794 4795 4794 4795)
(comment 0 4795 4796 4795 4796)
(comment 0 4796 4797 4796 4797)
(comment 0 4797 4798 4797 4798)
(comment 0 4798 4799 4798 4799)
(comment 0 4799 4800 4799 4800)
(comment 0 4800 4801 4800 4801)
(comment 0 4801 4802 4801 4802)
(comment 0 4802 4803 4802 4803)
(comment 0 4803 4804 4803 4804)
(comment 0 4804 4805 4804 4805)
(newcommand 0 4806 4834 4818 4833)
(brace 8 4816 4818 4817 4818)
(brace 9 4832 4834 4833 4834)
(brace 8 4833 4835 4834 4835)
(brace 8 4841 4843 4842 4843)
(brace 9 4845 4847 4846 4847)
(brace 9 4846 4848 4847 4848)
(newcommand 0 4849 4876 4861 4875)
(brace 8 4859 4861 4860 4861)
(brace 9 4874 4876 4875 4876)
(brace 8 4875 4877 4876 4877)
(brace 8 4883 4885 4884 4885)
(brace 9 4887 4889 4888 4889)
(brace 9 4888 4890 4889 4890)
(newcommand 0 4891 4913 4903 4912)
(brace 8 4901 4903 4902 4903)
(brace 9 4911 4913 4912 4913)
(brace 8 4912 4914 4913 4914)
(brace 9 4913 4915 4914 4915)
(newcommand 0 4918 4949 4930 4948)
(brace 8 4928 4930 4929 4930)
(brace 9 4947 4949 4948 4949)
(comment 0 4954 4955 4954 4955)
(brace 8 5005 5006 5005 5006)
(brace 8 5019 5021 5020 5021)
(brace 8 5027 5029 5028 5029)
(brace 9 5030 5032 5031 5032)
(brace 8 5031 5033 5032 5033)
(brace 9 5036 5038 5037 5038)
(brace 9 5038 5040 5039 5040)
(brace 8 5039 5041 5040 5041)
(brace 8 5071 5073 5072 5073)
(brace 9 5084 5086 5085 5086)
(brace 9 5088 5090 5089 5090)
(brace 8 5089 5091 5090 5091)
(brace 8 5121 5123 5122 5123)
(brace 9 5147 5149 5148 5149)
(brace 9 5151 5153 5152 5153)
(brace 9 5154 5155 5154 5155)
(comment 0 5157 5158 5157 5158)
(comment 0 5193 5194 5193 5194)
(comment 0 5202 5203 5202 5203)
(newenvironment 0 5238 5261 5254 5260)
(brace 8 5252 5254 5253 5254)
(brace 9 5259 5261 5260 5261)
(brace 8 5271 5272 5271 5272)
(brace 8 5290 5292 5291 5292)
(brace 9 5297 5299 5298 5299)
(brace 8 5298 5300 5299 5300)
(brace 9 5301 5303 5302 5303)
(brace 9 5303 5305 5304 5305)
(brace 8 5306 5307 5306 5307)
(brace 9 5329 5331 5330 5331)
(newcommand 0 5334 5356 5346 5355)
(brace 8 5344 5346 5345 5346)
(brace 9 5354 5356 5355 5356)
(brace 8 5358 5360 5359 5360)
(comment 0 5360 5361 5360 5361)
(brace 8 5380 5382 5381 5382)
(environment 2 5428 5442 5428 5442)
(brace 3 5428 5436 5429 5436)
(brace 9 5440 5442 5441 5442)
(brace 8 5441 5443 5442 5443)
(brace 8 5444 5446 5445 5446)
(brace 9 5447 5449 5448 5449)
(brace 8 5450 5452 5451 5452)
(brace 9 5453 5455 5454 5455)
(brace 9 5455 5457 5456 5457)
(environment 3 5544 5556 5544 5556)
(brace 4 5544 5550 5545 5550)
(brace 9 5554 5556 5555 5556)
(brace 9 5581 5583 5582 5583)
(brace 9 5582 5584 5583 5584)
(newcommand 0 5585 5601 5597 5600)
(brace 8 5595 5597 5596 5597)
(brace 9 5599 5601 5600 5601)
(brace 8 5600 5602 5601 5602)
(brace 9 5608 5610 5609 5610)
(newcommand 0 5611 5629 5623 5628)
(brace 8 5621 5623 5622 5623)
(brace 9 5627 5629 5628 5629)
(brace 8 5631 5633 5632 5633)
(brace 8 5640 5642 5641 5642)
(brace 9 5642 5644 5643 5644)
(brace 8 5644 5646 5645 5646)
(brace 9 5647 5649 5648 5649)
(brace 9 5648 5650 5649 5650)
(newcommand 0 5651 5667 5663 5666)
(brace 8 5661 5663 5662 5663)
(brace 9 5665 5667 5666 5667)
(brace 8 5666 5668 5667 5668)
(brace 8 5674 5676 5675 5676)
(brace 9 5676 5678 5677 5678)
(brace 9 5677 5679 5678 5679)
(newcommand 0 5680 5696 5692 5695)
(brace 8 5690 5692 5691 5692)
(brace 9 5694 5696 5695 5696)
(brace 8 5695 5697 5696 5697)
(brace 8 5703 5705 5704 5705)
(brace 9 5705 5707 5706 5707)
(brace 9 5706 5708 5707 5708)
(newcommand 0 5709 5725 5721 5724)
(brace 8 5719 5721 5720 5721)
(brace 9 5723 5725 5724 5725)
(brace 8 5724 5726 5725 5726)
(brace 8 5732 5734 5733 5734)
(brace 9 5734 5736 5735 5736)
(brace 9 5735 5737 5736 5737)
(newenvironment 0 5739 5760 5755 5759)
(brace 8 5753 5755 5754 5755)
(brace 9 5758 5760 5759 5760)
(comment 0 5766 5767 5766 5767)
(brace 8 5771 5773 5772 5773)
(brace 8 5783 5785 5784 5785)
(environment 2 5808 5822 5808 5822)
(brace 3 5808 5816 5809 5816)
(brace 9 5820 5822 5821 5822)
(brace 8 5821 5823 5822 5823)
(brace 8 5825 5827 5826 5827)
(brace 9 5831 5833 5832 5833)
(brace 9 5833 5835 5834 5835)
(brace 9 5834 5836 5835 5836)
(brace 9 5835 5837 5836 5837)
(comment 0 5837 5838 5837 5838)
(brace 8 5842 5844 5843 5844)
(environment 3 5843 5855 5843 5855)
(brace 4 5843 5849 5844 5849)
(brace 9 5853 5855 5854 5855)
(brace 9 5861 5863 5862 5863)
(newcommand 0 5865 5880 5877 5879)
(brace 8 5875 5877 5876 5877)
(brace 9 5878 5880 5879 5880)
(brace 8 5882 5884 5883 5884)
(brace 8 5883 5885 5884 5885)
(brace 8 5895 5897 5896 5897)
(comment 0 5908 5909 5908 5909)
(brace 8 5913 5915 5914 5915)
(brace 8 5920 5922 5921 5922)
(brace 9 5923 5925 5924 5925)
(brace 8 5924 5926 5925 5926)
(brace 9 5927 5929 5928 5929)
(brace 9 5928 5930 5929 5930)
(brace 8 5938 5940 5939 5940)
(brace 8 5945 5947 5946 5947)
(brace 9 5948 5950 5949 5950)
(brace 8 5949 5951 5950 5951)
(brace 9 5952 5954 5953 5954)
(brace 9 5953 5955 5954 5955)
(brace 8 5959 5961 5960 5961)
(brace 8 5965 5967 5966 5967)
(brace 9 5968 5970 5969 5970)
(brace 8 5969 5971 5970 5971)
(brace 9 5972 5974 5973 5974)
(brace 9 5973 5975 5974 5975)
(brace 8 5979 5981 5980 5981)
(brace 8 5985 5987 5986 5987)
(brace 9 5988 5990 5989 5990)
(brace 8 5989 5991 5990 5991)
(brace 9 5992 5994 5993 5994)
(brace 9 5993 5995 5994 5995)
(brace 9 5999 6001 6000 6001)
(brace 9 6000 6002 6001 6002)
(brace 9 6001 6003 6002 6003)
(brace 8 6016 6018 6017 6018)
(brace 9 6020 6022 6021 6022)
(brace 8 6021 6023 6022 6023)
(brace 9 6031 6033 6032 6033)
(newcommand 0 6034 6050 6046 6049)
(brace 8 6044 6046 6045 6046)
(brace 9 6048 6050 6049 6050)
(brace 8 6049 6051 6050 6051)
(brace 9 6061 6063 6062 6063)
(newcommand 0 6064 6086 6076 6085)
(brace 8 6074 6076 6075 6076)
(brace 9 6084 6086 6085 6086)
(brace 8 6088 6090 6089 6090)
(brace 8 6089 6091 6090 6091)
(brace 9 6105 6107 6106 6107)
(brace 9 6106 6108 6107 6108)
(newcommand 0 6109 6127 6121 6126)
(brace 8 6119 6121 6120 6121)
(brace 9 6125 6127 6126 6127)
(brace 8 6129 6131 6130 6131)
(brace 8 6141 6143 6142 6143)
(brace 9 6166 6168 6167 6168)
(brace 9 6167 6169 6168 6169)
(newcommand 0 6170 6188 6182 6187)
(brace 8 6180 6182 6181 6182)
(brace 9 6186 6188 6187 6188)
(brace 8 6190 6192 6191 6192)
(brace 8 6202 6204 6203 6204)
(brace 8 6210 6212 6211 6212)
(brace 9 6214 6216 6215 6216)
(brace 8 6216 6218 6217 6218)
(brace 9 6219 6221 6220 6221)
(brace 8 6221 6223 6222 6223)
(brace 9 6224 6226 6225 6226)
(brace 9 6229 6231 6230 6231)
(brace 9 6230 6232 6231 6232)
(newcommand 0 6233 6250 6245 6249)
(brace 8 6243 6245 6244 6245)
(brace 9 6248 6250 6249 6250)
(brace 8 6252 6254 6253 6254)
(brace 8 6258 6260 6259 6260)
(brace 9 6261 6263 6262 6263)
(brace 8 6262 6264 6263 6264)
(brace 9 6263 6265 6264 6265)
(brace 8 6264 6266 6265 6266)
(brace 9 6267 6269 6268 6269)
(brace 9 6268 6270 6269 6270)
(newcommand 0 6271 6287 6283 6286)
(brace 8 6281 6283 6282 6283)
(brace 9 6285 6287 6286 6287)
(brace 8 6286 6288 6287 6288)
(brace 8 6298 6300 6299 6300)
(brace 8 6306 6308 6307 6308)
(brace 9 6309 6311 6310 6311)
(brace 9 6310 6312 6311 6312)
(brace 9 6311 6313 6312 6313)
(brace 8 6326 6328 6327 6328)
(brace 9 6329 6331 6330 6331)
(brace 8 6330 6332 6331 6332)
(brace 8 6342 6344 6343 6344)
(brace 8 6350 6352 6351 6352)
(brace 9 6352 6354 6353 6354)
(brace 9 6353 6355 6354 6355)
(brace 9 6354 6356 6355 6356)
(brace 8 6369 6371 6370 6371)
(brace 9 6374 6376 6375 6376)
(brace 8 6375 6377 6376 6377)
(brace 9 6385 6387 6386 6387)
(brace 8 6400 6402 6401 6402)
(brace 9 6405 6407 6406 6407)
(brace 8 6406 6408 6407 6408)
(brace 9 6416 6418 6417 6418)
(1 0 6421 6442 6433 6441)
(brace 0 6421 6433 6421 6433)
(brace 9 6440 6442 6441 6442)
(brace 8 6456 6458 6457 6458)
(brace 9 6464 6466 6465 6466)
(brace 8 6465 6467 6466 6467)
(brace 8 6477 6479 6478 6479)
(brace 9 6491 6493 6492 6493)
(brace 8 6492 6494 6493 6494)
(brace 8 6518 6520 6519 6520)
(brace 9 6523 6525 6524 6525)
(brace 9 6532 6534 6533 6534)
(brace 8 6533 6535 6534 6535)
(brace 8 6547 6549 6548 6549)
(brace 9 6552 6554 6553 6554)
(brace 8 6553 6555 6554 6555)
(brace 9 6556 6558 6557 6558)
(brace 8 6582 6584 6583 6584)
(brace 9 6587 6589 6588 6589)
(brace 9 6596 6598 6597 6598)
(brace 9 6597 6599 6598 6599)
(preamble 1 6601 6617 6601 6617)
(environment 2 6601 6617 6601 6617)
(brace 3 6601 6608 6601 6608)
(brace 9 6615 6617 6616 6617)
(comment 0 6621 6622 6621 6622)
(brace 8 6726 6728 6727 6728)
(brace 8 6727 6729 6728 6729)
(brace 9 6787 6789 6788 6789)
(brace 9 6788 6790 6789 6790)
(brace 8 6789 6791 6790 6791)
(brace 9 6790 6792 6791 6792)
(brace 8 6796 6798 6797 6798)
(brace 8 6797 6799 6798 6799)
(brace 9 6831 6833 6832 6833)
(brace 9 6832 6834 6833 6834)
(brace 8 6854 6856 6855 6856)
(brace 8 6855 6857 6856 6857)
(brace 9 6888 6890 6889 6890)
(brace 9 6889 6891 6890 6891)
(brace 8 6890 6892 6891 6892)
(brace 9 6891 6893 6892 6893)
(brace 8 6892 6894 6893 6894)
(brace 8 6893 6895 6894 6895)
(brace 9 6935 6937 6936 6937)
(brace 9 6936 6938 6937 6938)
(comment 0 6940 6941 6940 6941)
(comment 0 7036 7037 7036 7037)
(comment 0 7128 7129 7128 7129)
(environment 2 7222 7236 7222 7236)
(brace 3 7222 7229 7222 7229)
(brace 9 7234 7236 7235 7236)
(brace 8 7241 7243 7242 7243)
(brace 9 7310 7312 7311 7312)
(environment 3 7313 7325 7313 7325)
(brace 4 7313 7318 7313 7318)
(brace 9 7323 7325 7324 7325)
(environment 2 7339 7350 7339 7350)
(brace 3 7339 7346 7339 7346)
(brace 9 7348 7350 7349 7350)
(inline-math 0 7432 7433 7432 7433)
(inline-math 0 7434 7435 7434 7435)
(inline-math 0 7458 7459 7458 7459)
(inline-math 0 7460 7461 7460 7461)
(inline-math 0 7484 7485 7484 7485)
(inline-math 0 7486 7487 7486 7487)
(inline-math 0 7505 7506 7505 7506)
(inline-math 0 7507 7508 7507 7508)
(inline-math 0 7537 7538 7537 7538)
(inline-math 0 7539 7540 7539 7540)
(brace 8 7556 7558 7557 7558)
(inline-math 0 7556 7557 7556 7557)
(brace 9 7563 7565 7564 7565)
(inline-math 0 7567 7568 7567 7568)
(inline-math 0 7591 7592 7591 7592)
(inline-math 0 7599 7600 7599 7600)
(inline-math 0 7609 7610 7609 7610)
(inline-math 0 7615 7616 7615 7616)
(inline-math 0 7647 7648 7647 7648)
(inline-math 0 7654 7655 7654 7655)
(environment 2 7659 7676 7659 7676)
(brace 3 7659 7666 7659 7666)
(brace 9 7674 7676 7675 7676)
(inline-math 0 7775 7776 7775 7776)
(inline-math 0 7799 7800 7799 7800)
(inline-math 0 7814 7815 7814 7815)
(inline-math 0 7831 7832 7831 7832)
(inline-math 0 7880 7881 7880 7881)
(inline-math 0 7882 7883 7882 7883)
(inline-math 0 7890 7891 7890 7891)
(inline-math 0 7892 7893 7892 7893)
(inline-math 0 7900 7901 7900 7901)
(brace 8 7902 7904 7903 7904)
(brace 9 7905 7907 7906 7907)
(inline-math 0 7907 7908 7907 7908)
(environment 3 7959 7974 7959 7974)
(brace 4 7959 7964 7959 7964)
(brace 9 7972 7974 7973 7974)
(environment 3 7975 7984 7975 7984)
(brace 4 7975 7980 7975 7980)
(brace 9 7982 7984 7983 7984)
(environment 2 7998 8009 7998 8009)
(brace 3 7998 8005 7998 8005)
(brace 9 8007 8009 8008 8009)
(inline-math 0 8113 8114 8113 8114)
(inline-math 0 8119 8120 8119 8120)
(inline-math 0 8137 8138 8137 8138)
(inline-math 0 8139 8140 8139 8140)
(inline-math 0 8163 8164 8163 8164)
(inline-math 0 8165 8166 8165 8166)
(inline-math 0 8170 8171 8170 8171)
(inline-math 0 8180 8181 8180 8181)
(inline-math 0 8196 8197 8196 8197)
(inline-math 0 8198 8199 8198 8199)
(brace 8 8213 8215 8214 8215)
(inline-math 0 8213 8214 8213 8214)
(brace 9 8220 8222 8221 8222)
(inline-math 0 8224 8225 8224 8225)
(inline-math 0 8252 8253 8252 8253)
(inline-math 0 8264 8265 8264 8265)
(inline-math 0 8276 8277 8276 8277)
(inline-math 0 8285 8286 8285 8286)
(inline-math 0 8340 8341 8340 8341)
(inline-math 0 8342 8343 8342 8343)
(inline-math 0 8347 8348 8347 8348)
(inline-math 0 8353 8354 8353 8354)
(inline-math 0 8368 8369 8368 8369)
(inline-math 0 8378 8379 8378 8379)
(environment 2 8403 8420 8403 8420)
(brace 3 8403 8410 8403 8410)
(brace 9 8418 8420 8419 8420)
(inline-math 0 8452 8453 8452 8453)
(inline-math 0 8476 8477 8476 8477)
(inline-math 0 8491 8492 8491 8492)
(inline-math 0 8514 8515 8514 8515)
(brace 8 8530 8532 8531 8532)
(inline-math 0 8530 8531 8530 8531)
(brace 9 8537 8539 8538 8539)
(inline-math 0 8541 8542 8541 8542)
(inline-math 0 8636 8637 8636 8637)
(inline-math 0 8642 8643 8642 8643)
(inline-math 0 8702 8703 8702 8703)
(inline-math 0 8707 8708 8707 8708)
(brace 8 8716 8718 8717 8718)
(inline-math 0 8716 8717 8716 8717)
(brace 9 8723 8725 8724 8725)
(inline-math 0 8727 8728 8727 8728)
(inline-math 0 8840 8841 8840 8841)
(inline-math 0 8848 8849 8848 8849)
(inline-math 0 8853 8854 8853 8854)
(inline-math 0 8863 8864 8863 8864)
(inline-math 0 8907 8908 8907 8908)
(brace 8 8912 8914 8913 8914)
(brace 9 8915 8917 8916 8917)
(inline-math 0 8922 8923 8922 8923)
(inline-math 0 8937 8938 8937 8938)
(inline-math 0 8949 8950 8949 8950)
(environment 3 8962 8977 8962 8977)
(brace 4 8962 8967 8962 8967)
(brace 9 8975 8977 8976 8977)
(environment 3 8978 8987 8978 8987)
(brace 4 8978 8983 8978 8983)
(brace 9 8985 8987 8986 8987)
(environment 2 9002 9013 9002 9013)
(brace 3 9002 9009 9002 9009)
(brace 9 9011 9013 9012 9013)
(inline-math 0 9038 9039 9038 9039)
(inline-math 0 9058 9059 9058 9059)
(brace 8 9071 9073 9072 9073)
(inline-math 0 9071 9072 9071 9072)
(brace 9 9078 9080 9079 9080)
(brace 8 9080 9082 9081 9082)
(brace 9 9082 9084 9083 9084)
(inline-math 0 9084 9085 9084 9085)
(inline-math 0 9106 9107 9106 9107)
(inline-math 0 9134 9135 9134 9135)
(inline-math 0 9144 9145 9144 9145)
(inline-math 0 9176 9177 9176 9177)
(inline-math 0 9183 9184 9183 9184)
(inline-math 0 9187 9188 9187 9188)
(environment 2 9201 9218 9201 9218)
(brace 3 9201 9208 9201 9208)
(brace 9 9216 9218 9217 9218)
(inline-math 0 9237 9238 9237 9238)
(inline-math 0 9239 9240 9239 9240)
(inline-math 0 9269 9270 9269 9270)
(inline-math 0 9278 9279 9278 9279)
(inline-math 0 9309 9310 9309 9310)
(inline-math 0 9315 9316 9315 9316)
(inline-math 0 9342 9343 9342 9343)
(inline-math 0 9344 9345 9344 9345)
(inline-math 0 9383 9384 9383 9384)
(inline-math 0 9403 9404 9403 9404)
(inline-math 0 9417 9418 9417 9418)
(brace 8 9435 9437 9436 9437)
(brace 9 9437 9439 9438 9439)
(brace 8 9438 9440 9439 9440)
(brace 9 9440 9442 9441 9442)
(brace 8 9455 9457 9456 9457)
(brace 9 9457 9459 9458 9459)
(brace 8 9458 9460 9459 9460)
(brace 9 9460 9462 9461 9462)
(inline-math 0 9466 9467 9466 9467)
(inline-math 0 9489 9490 9489 9490)
(inline-math 0 9501 9502 9501 9502)
(environment 3 9504 9519 9504 9519)
(brace 4 9504 9509 9504 9509)
(brace 9 9517 9519 9518 9519)
(environment 3 9520 9529 9520 9529)
(brace 4 9520 9525 9520 9525)
(brace 9 9527 9529 9528 9529)
(environment 2 9543 9554 9543 9554)
(brace 3 9543 9550 9543 9550)
(brace 9 9552 9554 9553 9554)
(inline-math 0 9579 9580 9579 9580)
(inline-math 0 9599 9600 9599 9600)
(inline-math 0 9613 9614 9613 9614)
(inline-math 0 9636 9637 9636 9637)
(environment 2 9639 9656 9639 9656)
(brace 3 9639 9646 9639 9646)
(brace 9 9654 9656 9655 9656)
(inline-math 0 9681 9682 9681 9682)
(inline-math 0 9683 9684 9683 9684)
(inline-math 0 9688 9689 9688 9689)
(inline-math 0 9694 9695 9694 9695)
(inline-math 0 9707 9708 9707 9708)
(inline-math 0 9709 9710 9709 9710)
(inline-math 0 9770 9771 9770 9771)
(inline-math 0 9816 9817 9816 9817)
(inline-math 0 9819 9820 9819 9820)
(inline-math 0 9821 9822 9821 9822)
(brace 8 9836 9838 9837 9838)
(inline-math 0 9836 9837 9836 9837)
(brace 9 9843 9845 9844 9845)
(inline-math 0 9847 9848 9847 9848)
(inline-math 0 9868 9869 9868 9869)
(inline-math 0 9870 9871 9870 9871)
(inline-math 0 9876 9877 9876 9877)
(inline-math 0 9881 9882 9881 9882)
(environment 3 9885 9900 9885 9900)
(brace 4 9885 9890 9885 9890)
(brace 9 9898 9900 9899 9900)
(environment 3 9901 9910 9901 9910)
(brace 4 9901 9906 9901 9906)
(brace 9 9908 9910 9909 9910)
(environment 2 9925 9936 9925 9936)
(brace 3 9925 9932 9925 9932)
(brace 9 9934 9936 9935 9936)
(inline-math 0 9954 9955 9954 9955)
(inline-math 0 9956 9957 9956 9957)
(inline-math 0 10035 10036 10035 10036)
(inline-math 0 10063 10064 10063 10064)
(inline-math 0 10091 10092 10091 10092)
(inline-math 0 10103 10104 10103 10104)
(inline-math 0 10113 10114 10113 10114)
(inline-math 0 10133 10134 10133 10134)
(inline-math 0 10192 10193 10192 10193)
(inline-math 0 10198 10199 10198 10199)
(inline-math 0 10223 10224 10223 10224)
(inline-math 0 10247 10248 10247 10248)
(inline-math 0 10261 10262 10261 10262)
(inline-math 0 10276 10277 10276 10277)
(inline-math 0 10283 10284 10283 10284)
(inline-math 0 10285 10286 10285 10286)
(environment 2 10305 10322 10305 10322)
(brace 3 10305 10312 10305 10312)
(brace 9 10320 10322 10321 10322)
(inline-math 0 10342 10343 10342 10343)
(inline-math 0 10344 10345 10344 10345)
(inline-math 0 10380 10381 10380 10381)
(inline-math 0 10417 10418 10417 10418)
(inline-math 0 10442 10443 10442 10443)
(inline-math 0 10467 10468 10467 10468)
(inline-math 0 10514 10515 10514 10515)
(inline-math 0 10516 10517 10516 10517)
(inline-math 0 10521 10522 10521 10522)
(inline-math 0 10523 10524 10523 10524)
(display-math 0 10531 10534 10532 10534)
(display-math 1 10575 10578 10576 10578)
(inline-math 0 10594 10595 10594 10595)
(inline-math 0 10601 10602 10601 10602)
(inline-math 0 10617 10618 10617 10618)
(brace 8 10634 10636 10635 10636)
(brace 9 10636 10638 10637 10638)
(inline-math 0 10638 10639 10638 10639)
(inline-math 0 10646 10647 10646 10647)
(inline-math 0 10677 10678 10677 10678)
(inline-math 0 10728 10729 10728 10729)
(inline-math 0 10736 10737 10736 10737)
(inline-math 0 10746 10747 10746 10747)
(inline-math 0 10753 10754 10753 10754)
(inline-math 0 10797 10798 10797 10798)
(inline-math 0 10799 10800 10799 10800)
(inline-math 0 10804 10805 10804 10805)
(inline-math 0 10806 10807 10806 10807)
(inline-math 0 10841 10842 10841 10842)
(inline-math 0 10845 10846 10845 10846)
(inline-math 0 10880 10881 10880 10881)
(inline-math 0 10882 10883 10882 10883)
(inline-math 0 10933 10934 10933 10934)
(inline-math 0 10935 10936 10935 10936)
(brace 8 10951 10953 10952 10953)
(inline-math 0 10951 10952 10951 10952)
(brace 9 10958 10960 10959 10960)
(inline-math 0 10962 10963 10962 10963)
(environment 3 10964 10979 10964 10979)
(brace 4 10964 10969 10964 10969)
(brace 9 10977 10979 10978 10979)
(environment 3 10980 10989 10980 10989)
(brace 4 10980 10985 10980 10985)
(brace 9 10987 10989 10988 10989)
(brace 8 11011 11013 11012 11013)
(environment 2 11014 11025 11014 11025)
(brace 3 11014 11021 11014 11021)
(brace 9 11023 11025 11024 11025)
(inline-math 0 11031 11032 11031 11032)
(inline-math 0 11043 11044 11043 11044)
(environment 0 11083 11100 11083 11100)
(brace 3 11083 11090 11083 11090)
(brace 9 11098 11100 11099 11100)
(brace 8 11104 11106 11105 11106)
(brace 9 11108 11110 11109 11110)
(environment 2 11123 11136 11123 11136)
(brace 3 11123 11130 11123 11130)
(brace 9 11134 11136 11135 11136)
(brace 8 11135 11137 11136 11137)
(brace 9 11137 11139 11138 11139)
(brace 8 11144 11146 11145 11146)
(brace 9 11151 11153 11152 11153)
(brace 8 11152 11154 11153 11154)
(brace 9 11159 11161 11160 11161)
(brace 8 11183 11185 11184 11185)
(brace 9 11190 11192 11191 11192)
(brace 8 11191 11193 11192 11193)
(brace 9 11198 11200 11199 11200)
(environment 3 11226 11237 11226 11237)
(brace 4 11226 11231 11226 11231)
(brace 9 11235 11237 11236 11237)
(environment 1 11245 11260 11245 11260)
(brace 4 11245 11250 11245 11250)
(brace 9 11258 11260 11259 11260)
(environment 2 11262 11279 11262 11279)
(brace 3 11262 11269 11262 11269)
(brace 9 11277 11279 11278 11279)
(inline-math 0 11308 11309 11308 11309)
(inline-math 0 11323 11324 11323 11324)
(inline-math 0 11336 11337 11336 11337)
(brace 8 11338 11340 11339 11340)
(brace 9 11342 11344 11343 11344)
(inline-math 0 11344 11345 11344 11345)
(inline-math 0 11380 11381 11380 11381)
(inline-math 0 11413 11414 11413 11414)
(inline-math 0 11429 11430 11429 11430)
(brace 8 11462 11464 11463 11464)
(brace 9 11466 11468 11467 11468)
(brace 8 11467 11469 11468 11469)
(brace 9 11469 11471 11470 11471)
(inline-math 0 11492 11493 11492 11493)
(inline-math 0 11525 11526 11525 11526)
(inline-math 0 11543 11544 11543 11544)
(inline-math 0 11559 11560 11559 11560)
(inline-math 0 11564 11565 11564 11565)
(inline-math 0 11582 11583 11582 11583)
(inline-math 0 11584 11585 11584 11585)
(inline-math 0 11635 11636 11635 11636)
(inline-math 0 11645 11646 11645 11646)
(inline-math 0 11650 11651 11650 11651)
(inline-math 0 11660 11661 11660 11661)
(inline-math 0 11677 11678 11677 11678)
(inline-math 0 11684 11685 11684 11685)
(inline-math 0 11728 11729 11728 11729)
(inline-math 0 11736 11737 11736 11737)
(inline-math 0 11785 11786 11785 11786)
(inline-math 0 11792 11793 11792 11793)
(inline-math 0 11797 11798 11797 11798)
(inline-math 0 11799 11800 11799 11800)
(environment 3 11802 11817 11802 11817)
(brace 4 11802 11807 11802 11807)
(brace 9 11815 11817 11816 11817)
(environment 3 11818 11827 11818 11827)
(brace 4 11818 11823 11818 11823)
(brace 9 11825 11827 11826 11827)
(brace 9 11828 11829 11828 11829)
(environment 2 11832 11843 11832 11843)
(brace 3 11832 11839 11832 11839)
(brace 9 11841 11843 11842 11843)
(inline-math 0 11862 11863 11862 11863)
(inline-math 0 11864 11865 11864 11865)
(inline-math 0 11879 11880 11879 11880)
(brace 8 11886 11888 11887 11888)
(brace 9 11888 11890 11889 11890)
(inline-math 0 11892 11893 11892 11893)
(inline-math 0 11897 11898 11897 11898)
(brace 8 11918 11920 11919 11920)
(brace 9 11920 11922 11921 11922)
(inline-math 0 11924 11925 11924 11925)
(inline-math 0 11952 11953 11952 11953)
(inline-math 0 11956 11957 11956 11957)
(inline-math 0 11985 11986 11985 11986)
(inline-math 0 11987 11988 11987 11988)
(inline-math 0 11992 11993 11992 11993)
(inline-math 0 11994 11995 11994 11995)
(inline-math 0 12014 12015 12014 12015)
(inline-math 0 12031 12032 12031 12032)
(inline-math 0 12062 12063 12062 12063)
(brace 8 12065 12067 12066 12067)
(brace 9 12075 12077 12076 12077)
(inline-math 0 12077 12078 12077 12078)
(inline-math 0 12082 12083 12082 12083)
(brace 8 12089 12091 12090 12091)
(brace 9 12091 12093 12092 12093)
(inline-math 0 12095 12096 12095 12096)
(inline-math 0 12102 12103 12102 12103)
(brace 8 12109 12111 12110 12111)
(brace 9 12111 12113 12112 12113)
(inline-math 0 12115 12116 12115 12116)
(inline-math 0 12123 12124 12123 12124)
(inline-math 0 12131 12132 12131 12132)
(environment 2 12135 12152 12135 12152)
(brace 3 12135 12142 12135 12142)
(brace 9 12150 12152 12151 12152)
(inline-math 0 12207 12208 12207 12208)
(brace 8 12214 12216 12215 12216)
(brace 9 12216 12218 12217 12218)
(inline-math 0 12220 12221 12220 12221)
(environment 0 12254 12271 12254 12271)
(brace 3 12254 12261 12254 12261)
(brace 9 12269 12271 12270 12271)
(environment 2 12287 12300 12287 12300)
(brace 3 12287 12294 12287 12294)
(brace 9 12298 12300 12299 12300)
(brace 8 12299 12301 12300 12301)
(brace 9 12301 12303 12302 12303)
(environment 3 12461 12472 12461 12472)
(brace 4 12461 12466 12461 12466)
(brace 9 12470 12472 12471 12472)
(environment 1 12480 12495 12480 12495)
(brace 4 12480 12485 12480 12485)
(brace 9 12493 12495 12494 12495)
(inline-math 0 12545 12546 12545 12546)
(inline-math 0 12556 12557 12556 12557)
(inline-math 0 12581 12582 12581 12582)
(brace 8 12588 12590 12589 12590)
(brace 9 12590 12592 12591 12592)
(inline-math 0 12594 12595 12594 12595)
(inline-math 0 12615 12616 12615 12616)
(inline-math 0 12617 12618 12617 12618)
(inline-math 0 12678 12679 12678 12679)
(inline-math 0 12680 12681 12680 12681)
(inline-math 0 12692 12693 12692 12693)
(inline-math 0 12696 12697 12696 12697)
(inline-math 0 12708 12709 12708 12709)
(inline-math 0 12745 12746 12745 12746)
(environment 3 12748 12763 12748 12763)
(brace 4 12748 12753 12748 12753)
(brace 9 12761 12763 12762 12763)
(environment 3 12764 12773 12764 12773)
(brace 4 12764 12769 12764 12769)
(brace 9 12771 12773 12772 12773)
(environment 3 12775 12789 12775 12789)
(brace 4 12775 12780 12775 12780)
(brace 9 12787 12789 12788 12789)
(comment 0 12790 12791 12790 12791)
(comment 0 12791 12792 12791 12792)
(comment 0 12792 12793 12792 12793)
(comment 0 12811 12812 12811 12812)
(comment 0 12812 12813 12812 12813)
(comment 0 12813 12814 12813 12814)
(comment 0 12827 12828 12827 12828)
(comment 0 12828 12829 12828 12829)
(comment 0 12829 12830 12829 12830)
(comment 0 12845 12846 12845 12846)
(comment 0 12846 12847 12846 12847)
(comment 0 12847 12848 12847 12848)
