"c8b55a15c22f7f039b640d51802206b6"
"1f62ab6ad84ea03c1f257dce43aebab0"
(preamble 0 1 38 1 38)
(0 0 1 38 30 37)
(brace 6 1 30 1 30)
(brace 9 36 38 37 38)
(brace 8 44 46 45 46)
(brace 9 51 53 52 53)
(preamble 1 54 70 54 70)
(environment 2 54 70 54 70)
(brace 3 54 61 54 61)
(brace 9 68 70 69 70)
(inline-math 0 76 77 76 77)
(inline-math 0 78 79 78 79)
(inline-math 0 83 84 83 84)
(inline-math 0 85 86 85 86)
(inline-math 0 124 125 124 125)
(inline-math 0 126 127 126 127)
(inline-math 0 141 142 141 142)
(inline-math 0 143 144 143 144)
(inline-math 0 151 152 151 152)
(inline-math 0 153 154 153 154)
(inline-math 0 173 174 173 174)
(inline-math 0 175 176 175 176)
(inline-math 0 182 183 182 183)
(inline-math 0 184 185 184 185)
(environment 2 187 198 187 198)
(brace 3 187 194 187 194)
(brace 9 196 198 197 198)
(inline-math 0 228 229 228 229)
(inline-math 0 244 245 244 245)
(inline-math 0 262 263 262 263)
(inline-math 0 265 266 265 266)
(inline-math 0 283 284 283 284)
(inline-math 0 292 293 292 293)
(inline-math 0 299 300 299 300)
(inline-math 0 305 306 305 306)
(display-math 0 309 312 310 312)
(brace 8 334 336 335 336)
(brace 9 346 348 347 348)
(display-math 1 367 370 368 370)
(environment 3 371 380 371 380)
(brace 4 371 376 371 376)
(brace 9 378 380 379 380)
(brace 8 387 389 388 389)
(brace 9 793 795 794 795)
(environment 2 797 811 797 811)
(brace 3 797 805 798 805)
(brace 9 809 811 810 811)
(inline-math 0 822 823 822 823)
(inline-math 0 840 841 840 841)
(display-math 0 857 860 858 860)
(brace 8 861 863 862 863)
(brace 9 870 872 871 872)
(display-math 1 940 943 941 943)
(display-math 0 968 971 969 971)
(brace 8 972 974 973 974)
(brace 9 983 985 984 985)
(brace 8 1082 1084 1083 1084)
(brace 9 1091 1093 1092 1093)
(display-math 1 1100 1103 1101 1103)
(inline-math 0 1126 1127 1126 1127)
(inline-math 0 1128 1129 1128 1129)
(inline-math 0 1132 1133 1132 1133)
(brace 8 1134 1136 1135 1136)
(brace 9 1143 1145 1144 1145)
(inline-math 0 1145 1146 1145 1146)
(inline-math 0 1167 1168 1167 1168)
(brace 8 1169 1171 1170 1171)
(brace 9 1180 1182 1181 1182)
(inline-math 0 1182 1183 1182 1183)
(inline-math 0 1209 1210 1209 1210)
(brace 8 1213 1215 1214 1215)
(brace 9 1215 1217 1216 1217)
(brace 8 1216 1218 1217 1218)
(brace 9 1218 1220 1219 1220)
(brace 8 1226 1228 1227 1228)
(brace 9 1237 1239 1238 1239)
(brace 8 1239 1241 1240 1241)
(brace 8 1247 1249 1248 1249)
(brace 9 1249 1251 1250 1251)
(brace 9 1250 1252 1251 1252)
(inline-math 0 1252 1253 1252 1253)
(inline-math 0 1272 1273 1272 1273)
(inline-math 0 1274 1275 1274 1275)
(inline-math 0 1282 1283 1282 1283)
(inline-math 0 1295 1296 1295 1296)
(inline-math 0 1305 1306 1305 1306)
(inline-math 0 1326 1327 1326 1327)
(inline-math 0 1339 1340 1339 1340)
(inline-math 0 1343 1344 1343 1344)
(inline-math 0 1363 1364 1363 1364)
(inline-math 0 1373 1374 1373 1374)
(inline-math 0 1380 1381 1380 1381)
(inline-math 0 1403 1404 1403 1404)
(inline-math 0 1421 1422 1421 1422)
(inline-math 0 1442 1443 1442 1443)
(inline-math 0 1450 1451 1450 1451)
(inline-math 0 1496 1497 1496 1497)
(inline-math 0 1504 1505 1504 1505)
(brace 8 1513 1515 1514 1515)
(brace 9 1522 1524 1523 1524)
(inline-math 0 1524 1525 1524 1525)
(inline-math 0 1558 1559 1558 1559)
(brace 8 1560 1562 1561 1562)
(brace 9 1571 1573 1572 1573)
(inline-math 0 1573 1574 1573 1574)
(inline-math 0 1592 1593 1592 1593)
(brace 8 1600 1602 1601 1602)
(brace 9 1609 1611 1610 1611)
(inline-math 0 1611 1612 1611 1612)
(inline-math 0 1624 1625 1624 1625)
(inline-math 0 1646 1647 1646 1647)
(inline-math 0 1653 1654 1653 1654)
(inline-math 0 1667 1668 1667 1668)
(display-math 0 1678 1681 1679 1681)
(environment 3 1729 1740 1729 1740)
(brace 4 1729 1734 1729 1734)
(brace 9 1738 1740 1739 1740)
(environment 3 1741 1755 1741 1755)
(brace 4 1741 1746 1741 1746)
(brace 9 1753 1755 1754 1755)
(comment 0 1756 1757 1756 1757)
(comment 0 1757 1758 1757 1758)
(comment 0 1758 1759 1758 1759)
(comment 0 1777 1778 1777 1778)
(comment 0 1778 1779 1778 1779)
(comment 0 1779 1780 1779 1780)
(comment 0 1793 1794 1793 1794)
(comment 0 1794 1795 1794 1795)
(comment 0 1795 1796 1795 1796)
(comment 0 1811 1812 1811 1812)
(comment 0 1812 1813 1812 1813)
(comment 0 1813 1814 1813 1814)
