"e845eb72b8fcc0d892faa221e68c1e0e"
"644187edc80741fc27bdfbe6dff2bd0d"
(preamble 0 1 30 1 30)
(0 0 1 30 22 29)
(brace 6 1 22 1 22)
(brace 9 28 30 29 30)
(1 0 31 59 53 58)
(comment 0 31 32 31 32)
(brace 8 51 53 52 53)
(brace 9 57 59 58 59)
(1 0 60 84 76 83)
(brace 8 74 76 75 76)
(brace 9 82 84 83 84)
(1 0 89 119 110 118)
(comment 0 89 90 89 90)
(brace 8 108 110 109 110)
(brace 9 117 119 118 119)
(1 0 120 157 132 156)
(brace 0 120 132 120 132)
(brace 9 155 157 156 157)
(comment 0 158 159 158 159)
(1 0 191 212 203 211)
(brace 0 191 203 191 203)
(brace 9 210 212 211 212)
(comment 0 226 227 226 227)
(1 0 257 285 276 284)
(brace 8 274 276 275 276)
(brace 9 283 285 284 285)
(comment 0 296 297 296 297)
(1 0 330 349 342 348)
(brace 0 330 342 330 342)
(brace 9 347 349 348 349)
(comment 0 370 371 370 371)
(1 0 402 422 414 421)
(brace 0 402 414 402 414)
(brace 9 420 422 421 422)
(comment 0 426 427 426 427)
(1 0 461 482 473 481)
(brace 0 461 473 461 473)
(brace 9 480 482 481 482)
(comment 0 485 486 485 486)
(1 0 516 536 528 535)
(brace 0 516 528 516 528)
(brace 9 534 536 535 536)
(comment 0 556 557 556 557)
(1 0 590 610 602 609)
(brace 0 590 602 590 602)
(brace 9 608 610 609 610)
(1 0 611 632 623 631)
(brace 0 611 623 611 623)
(brace 9 630 632 631 632)
(1 0 633 653 645 652)
(brace 0 633 645 633 645)
(brace 9 651 653 652 653)
(1 0 654 675 666 674)
(brace 0 654 666 654 666)
(brace 9 673 675 674 675)
(comment 0 677 678 677 678)
(brace 8 712 714 713 714)
(brace 9 715 717 716 717)
(brace 8 730 732 731 732)
(brace 9 735 737 736 737)
(brace 8 736 738 737 738)
(brace 9 741 743 742 743)
(brace 8 742 744 743 744)
(brace 9 747 749 748 749)
(brace 8 748 750 749 750)
(brace 9 753 755 754 755)
(brace 8 754 756 755 756)
(brace 9 759 761 760 761)
(brace 8 760 762 761 762)
(brace 9 764 766 765 766)
(brace 8 765 767 766 767)
(brace 9 769 771 770 771)
(brace 8 770 772 771 772)
(brace 9 775 777 776 777)
(comment 0 779 780 779 780)
(brace 8 807 809 808 809)
(brace 9 820 822 821 822)
(brace 8 832 834 833 834)
(brace 9 844 846 845 846)
(brace 8 856 858 857 858)
(brace 9 869 871 870 871)
(brace 8 881 883 882 883)
(brace 9 895 897 896 897)
(newcommand 0 898 928 910 927)
(brace 8 908 910 909 910)
(brace 9 926 928 927 928)
(brace 8 933 935 934 935)
(comment 0 935 936 935 936)
(brace 8 955 957 956 957)
(brace 9 967 969 968 969)
(brace 8 968 970 969 970)
(brace 9 971 973 972 973)
(comment 0 973 974 973 974)
(brace 8 993 995 994 995)
(brace 9 1006 1008 1007 1008)
(brace 8 1007 1009 1008 1009)
(brace 9 1010 1012 1011 1012)
(comment 0 1012 1013 1012 1013)
(brace 8 1032 1034 1033 1034)
(brace 9 1045 1047 1046 1047)
(brace 8 1046 1048 1047 1048)
(brace 9 1049 1051 1050 1051)
(comment 0 1051 1052 1051 1052)
(brace 8 1071 1073 1072 1073)
(brace 8 1078 1080 1079 1080)
(brace 9 1091 1093 1092 1093)
(brace 9 1096 1098 1097 1098)
(brace 8 1114 1116 1115 1116)
(brace 8 1125 1127 1126 1127)
(brace 9 1139 1141 1140 1141)
(brace 8 1140 1142 1141 1142)
(brace 9 1144 1146 1145 1146)
(brace 9 1145 1147 1146 1147)
(brace 8 1146 1148 1147 1148)
(brace 9 1147 1149 1148 1149)
(comment 0 1149 1150 1149 1150)
(brace 8 1169 1171 1170 1171)
(brace 8 1176 1178 1177 1178)
(brace 9 1189 1191 1190 1191)
(brace 9 1194 1196 1195 1196)
(brace 8 1212 1214 1213 1214)
(brace 8 1223 1225 1224 1225)
(brace 9 1237 1239 1238 1239)
(brace 8 1238 1240 1239 1240)
(brace 9 1255 1257 1256 1257)
(brace 9 1256 1258 1257 1258)
(brace 8 1257 1259 1258 1259)
(brace 9 1258 1260 1259 1260)
(comment 0 1260 1261 1260 1261)
(brace 8 1280 1282 1281 1282)
(brace 8 1287 1289 1288 1289)
(brace 9 1300 1302 1301 1302)
(brace 9 1305 1307 1306 1307)
(brace 8 1323 1325 1324 1325)
(brace 8 1334 1336 1335 1336)
(brace 9 1348 1350 1349 1350)
(brace 8 1349 1351 1350 1351)
(brace 9 1364 1366 1365 1366)
(brace 9 1365 1367 1366 1367)
(brace 8 1366 1368 1367 1368)
(brace 9 1367 1369 1368 1369)
(comment 0 1369 1370 1369 1370)
(brace 8 1389 1391 1390 1391)
(brace 8 1396 1398 1397 1398)
(brace 9 1409 1411 1410 1411)
(brace 9 1414 1416 1415 1416)
(brace 8 1432 1434 1433 1434)
(brace 8 1443 1445 1444 1445)
(brace 9 1457 1459 1458 1459)
(brace 8 1458 1460 1459 1460)
(brace 9 1473 1475 1474 1475)
(brace 9 1474 1476 1475 1476)
(brace 8 1475 1477 1476 1477)
(brace 9 1476 1478 1477 1478)
(comment 0 1478 1479 1478 1479)
(brace 8 1498 1500 1499 1500)
(brace 8 1505 1507 1506 1507)
(brace 9 1518 1520 1519 1520)
(brace 9 1523 1525 1524 1525)
(brace 8 1541 1543 1542 1543)
(brace 8 1552 1554 1553 1554)
(brace 9 1566 1568 1567 1568)
(brace 8 1567 1569 1568 1569)
(brace 9 1571 1573 1572 1573)
(brace 9 1572 1574 1573 1574)
(brace 8 1573 1575 1574 1575)
(brace 9 1574 1576 1575 1576)
(comment 0 1576 1577 1576 1577)
(comment 0 1594 1595 1594 1595)
(comment 0 1663 1664 1663 1664)
(comment 0 1722 1723 1722 1723)
(comment 0 1801 1802 1801 1802)
(comment 0 1819 1820 1819 1820)
(comment 0 1856 1857 1856 1857)
(comment 0 1874 1875 1874 1875)
(comment 0 1953 1954 1953 1954)
(brace 8 1979 1981 1980 1981)
(brace 9 1980 1982 1981 1982)
(comment 0 2003 2004 2003 2004)
(comment 0 2021 2022 2021 2022)
(comment 0 2090 2091 2090 2091)
(comment 0 2132 2133 2132 2133)
(brace 9 2137 2139 2138 2139)
(newcommand 0 2140 2161 2152 2160)
(brace 8 2150 2152 2151 2152)
(brace 9 2159 2161 2160 2161)
(brace 8 2166 2168 2167 2168)
(brace 8 2188 2190 2189 2190)
(brace 9 2189 2191 2190 2191)
(brace 8 2190 2192 2191 2192)
(brace 9 2193 2195 2194 2195)
(brace 8 2194 2196 2195 2196)
(brace 9 2195 2197 2196 2197)
(brace 9 2196 2198 2197 2198)
(newcommand 0 2199 2224 2211 2223)
(brace 8 2209 2211 2210 2211)
(brace 9 2222 2224 2223 2224)
(brace 8 2229 2231 2230 2231)
(brace 8 2251 2253 2252 2253)
(brace 9 2254 2256 2255 2256)
(brace 8 2255 2257 2256 2257)
(brace 9 2258 2260 2259 2260)
(brace 8 2259 2261 2260 2261)
(brace 9 2260 2262 2261 2262)
(brace 9 2261 2263 2262 2263)
(newcommand 0 2264 2290 2276 2289)
(brace 8 2274 2276 2275 2276)
(brace 9 2288 2290 2289 2290)
(brace 8 2295 2297 2296 2297)
(brace 8 2317 2319 2318 2319)
(brace 9 2318 2320 2319 2320)
(brace 8 2319 2321 2320 2321)
(brace 9 2322 2324 2323 2324)
(brace 8 2323 2325 2324 2325)
(brace 9 2326 2328 2327 2328)
(brace 9 2327 2329 2328 2329)
(newcommand 0 2330 2360 2342 2359)
(brace 8 2340 2342 2341 2342)
(brace 9 2358 2360 2359 2360)
(brace 8 2365 2367 2366 2367)
(brace 8 2387 2389 2388 2389)
(brace 9 2390 2392 2391 2392)
(brace 8 2391 2393 2392 2393)
(brace 8 2397 2399 2398 2399)
(brace 9 2400 2402 2401 2402)
(brace 9 2401 2403 2402 2403)
(brace 8 2402 2404 2403 2404)
(brace 9 2405 2407 2406 2407)
(brace 9 2406 2408 2407 2408)
(newcommand 0 2410 2430 2422 2429)
(brace 8 2420 2422 2421 2422)
(brace 9 2428 2430 2429 2430)
(brace 8 2432 2434 2433 2434)
(brace 8 2447 2449 2448 2449)
(brace 8 2455 2457 2456 2457)
(brace 9 2458 2460 2459 2460)
(brace 8 2459 2461 2460 2461)
(brace 9 2461 2463 2462 2463)
(brace 9 2463 2465 2464 2465)
(brace 8 2464 2466 2465 2466)
(brace 9 2466 2468 2467 2468)
(brace 8 2467 2469 2468 2469)
(brace 8 2482 2484 2483 2484)
(brace 8 2490 2492 2491 2492)
(brace 9 2493 2495 2494 2495)
(brace 8 2494 2496 2495 2496)
(brace 9 2496 2498 2497 2498)
(brace 9 2498 2500 2499 2500)
(brace 8 2499 2501 2500 2501)
(brace 9 2502 2504 2503 2504)
(brace 8 2503 2505 2504 2505)
(brace 8 2518 2520 2519 2520)
(brace 8 2526 2528 2527 2528)
(brace 9 2529 2531 2530 2531)
(brace 8 2530 2532 2531 2532)
(brace 9 2532 2534 2533 2534)
(brace 9 2534 2536 2535 2536)
(brace 8 2535 2537 2536 2537)
(brace 9 2539 2541 2540 2541)
(brace 8 2540 2542 2541 2542)
(brace 8 2555 2557 2556 2557)
(brace 8 2563 2565 2564 2565)
(brace 9 2566 2568 2567 2568)
(brace 8 2567 2569 2568 2569)
(brace 9 2569 2571 2570 2571)
(brace 9 2571 2573 2572 2573)
(brace 8 2572 2574 2573 2574)
(brace 9 2575 2577 2576 2577)
(brace 8 2576 2578 2577 2578)
(brace 8 2591 2593 2592 2593)
(brace 8 2599 2601 2600 2601)
(brace 9 2602 2604 2603 2604)
(brace 8 2603 2605 2604 2605)
(brace 9 2605 2607 2606 2607)
(brace 9 2607 2609 2608 2609)
(brace 8 2608 2610 2609 2610)
(brace 9 2610 2612 2611 2612)
(brace 8 2611 2613 2612 2613)
(brace 8 2626 2628 2627 2628)
(brace 8 2634 2636 2635 2636)
(brace 9 2637 2639 2638 2639)
(brace 8 2638 2640 2639 2640)
(brace 9 2640 2642 2641 2642)
(brace 9 2642 2644 2643 2644)
(brace 8 2643 2645 2644 2645)
(brace 9 2646 2648 2647 2648)
(brace 8 2647 2649 2648 2649)
(brace 8 2662 2664 2663 2664)
(brace 8 2670 2672 2671 2672)
(brace 9 2673 2675 2674 2675)
(brace 8 2674 2676 2675 2676)
(brace 9 2676 2678 2677 2678)
(brace 9 2678 2680 2679 2680)
(brace 8 2679 2681 2680 2681)
(brace 9 2683 2685 2684 2685)
(brace 8 2684 2686 2685 2686)
(brace 8 2699 2701 2700 2701)
(brace 8 2707 2709 2708 2709)
(brace 9 2710 2712 2711 2712)
(brace 8 2711 2713 2712 2713)
(brace 9 2713 2715 2714 2715)
(brace 9 2715 2717 2716 2717)
(brace 8 2716 2718 2717 2718)
(brace 9 2721 2723 2722 2723)
(brace 8 2722 2724 2723 2724)
(brace 8 2737 2739 2738 2739)
(brace 8 2745 2747 2746 2747)
(brace 9 2748 2750 2749 2750)
(brace 8 2749 2751 2750 2751)
(brace 9 2751 2753 2752 2753)
(brace 9 2753 2755 2754 2755)
(brace 8 2754 2756 2755 2756)
(brace 9 2757 2759 2758 2759)
(brace 8 2758 2760 2759 2760)
(brace 8 2773 2775 2774 2775)
(brace 8 2781 2783 2782 2783)
(brace 9 2784 2786 2785 2786)
(brace 8 2785 2787 2786 2787)
(brace 9 2788 2790 2789 2790)
(brace 9 2790 2792 2791 2792)
(brace 8 2791 2793 2792 2793)
(brace 9 2793 2795 2794 2795)
(brace 8 2794 2796 2795 2796)
(brace 8 2809 2811 2810 2811)
(brace 8 2817 2819 2818 2819)
(brace 9 2820 2822 2821 2822)
(brace 8 2821 2823 2822 2823)
(brace 9 2824 2826 2825 2826)
(brace 9 2826 2828 2827 2828)
(brace 8 2827 2829 2828 2829)
(brace 9 2830 2832 2831 2832)
(brace 8 2831 2833 2832 2833)
(brace 8 2846 2848 2847 2848)
(brace 8 2854 2856 2855 2856)
(brace 9 2857 2859 2858 2859)
(brace 8 2858 2860 2859 2860)
(brace 9 2861 2863 2862 2863)
(brace 9 2863 2865 2864 2865)
(brace 8 2864 2866 2865 2866)
(brace 9 2868 2870 2869 2870)
(brace 8 2869 2871 2870 2871)
(brace 8 2884 2886 2885 2886)
(brace 8 2892 2894 2893 2894)
(brace 9 2895 2897 2896 2897)
(brace 8 2896 2898 2897 2898)
(brace 9 2899 2901 2900 2901)
(brace 9 2901 2903 2902 2903)
(brace 8 2902 2904 2903 2904)
(brace 9 2907 2909 2908 2909)
(brace 8 2908 2910 2909 2910)
(brace 8 2923 2925 2924 2925)
(brace 8 2931 2933 2932 2933)
(brace 9 2934 2936 2935 2936)
(brace 8 2935 2937 2936 2937)
(brace 9 2938 2940 2939 2940)
(brace 9 2940 2942 2941 2942)
(brace 8 2941 2943 2942 2943)
(brace 9 2945 2947 2946 2947)
(brace 8 2946 2948 2947 2948)
(brace 8 2961 2963 2962 2963)
(brace 8 2969 2971 2970 2971)
(brace 9 2972 2974 2973 2974)
(brace 8 2973 2975 2974 2975)
(brace 9 2976 2978 2977 2978)
(brace 9 2978 2980 2979 2980)
(brace 8 2979 2981 2980 2981)
(brace 9 2982 2984 2983 2984)
(brace 8 2983 2985 2984 2985)
(brace 8 2998 3000 2999 3000)
(brace 8 3006 3008 3007 3008)
(brace 9 3009 3011 3010 3011)
(brace 8 3010 3012 3011 3012)
(brace 9 3013 3015 3014 3015)
(brace 9 3015 3017 3016 3017)
(brace 8 3016 3018 3017 3018)
(brace 9 3020 3022 3021 3022)
(brace 8 3021 3023 3022 3023)
(brace 8 3036 3038 3037 3038)
(brace 8 3044 3046 3045 3046)
(brace 9 3047 3049 3048 3049)
(brace 8 3048 3050 3049 3050)
(brace 9 3051 3053 3052 3053)
(brace 9 3053 3055 3054 3055)
(brace 8 3054 3056 3055 3056)
(brace 9 3059 3061 3060 3061)
(brace 8 3060 3062 3061 3062)
(brace 8 3075 3077 3076 3077)
(brace 8 3083 3085 3084 3085)
(brace 9 3086 3088 3087 3088)
(brace 8 3087 3089 3088 3089)
(brace 9 3090 3092 3091 3092)
(brace 9 3092 3094 3093 3094)
(brace 8 3093 3095 3094 3095)
(brace 9 3099 3101 3100 3101)
(brace 8 3100 3102 3101 3102)
(brace 9 3141 3143 3142 3143)
(brace 9 3143 3145 3144 3145)
(brace 9 3145 3147 3146 3147)
(brace 9 3147 3149 3148 3149)
(brace 9 3149 3151 3150 3151)
(brace 9 3151 3153 3152 3153)
(brace 9 3153 3155 3154 3155)
(brace 9 3155 3157 3156 3157)
(brace 9 3157 3159 3158 3159)
(brace 9 3159 3161 3160 3161)
(brace 9 3161 3163 3162 3163)
(brace 9 3163 3165 3164 3165)
(brace 9 3165 3167 3166 3167)
(brace 9 3167 3169 3168 3169)
(brace 9 3169 3171 3170 3171)
(brace 9 3171 3173 3172 3173)
(brace 9 3173 3175 3174 3175)
(brace 9 3175 3177 3176 3177)
(brace 9 3178 3179 3178 3179)
(brace 8 3191 3193 3192 3193)
(brace 9 3201 3203 3202 3203)
(newenvironment 0 3204 3223 3220 3222)
(brace 8 3218 3220 3219 3220)
(brace 9 3221 3223 3222 3223)
(brace 8 3225 3227 3226 3227)
(environment 2 3229 3241 3229 3241)
(brace 3 3229 3236 3229 3236)
(brace 9 3239 3241 3240 3241)
(brace 8 3240 3242 3241 3242)
(inline-math 0 3243 3244 3243 3244)
(brace 8 3250 3252 3251 3252)
(brace 9 3264 3266 3265 3266)
(inline-math 0 3266 3267 3266 3267)
(brace 9 3267 3269 3268 3269)
(brace 8 3268 3270 3269 3270)
(brace 8 3283 3285 3284 3285)
(brace 9 3293 3295 3294 3295)
(brace 8 3394 3396 3395 3396)
(brace 9 3406 3408 3407 3408)
(brace 8 3407 3409 3408 3409)
(brace 9 3412 3414 3413 3414)
(comment 0 3443 3444 3443 3444)
(brace 8 3455 3457 3456 3457)
(brace 9 3467 3469 3468 3469)
(brace 8 3468 3470 3469 3470)
(brace 9 3478 3480 3479 3480)
(brace 9 3481 3483 3482 3483)
(brace 8 3482 3484 3483 3484)
(environment 3 3483 3494 3483 3494)
(brace 4 3483 3489 3484 3489)
(brace 9 3492 3494 3493 3494)
(brace 9 3495 3496 3495 3496)
(comment 0 3499 3500 3499 3500)
(newcommand 0 3542 3559 3554 3558)
(brace 8 3552 3554 3553 3554)
(brace 9 3557 3559 3558 3559)
(brace 8 3558 3560 3559 3560)
(brace 8 3568 3570 3569 3570)
(brace 9 3570 3572 3571 3572)
(brace 9 3571 3573 3572 3573)
(newcommand 0 3574 3591 3586 3590)
(brace 8 3584 3586 3585 3586)
(brace 9 3589 3591 3590 3591)
(brace 8 3590 3592 3591 3592)
(brace 8 3600 3602 3601 3602)
(brace 9 3602 3604 3603 3604)
(brace 9 3603 3605 3604 3605)
(newcommand 0 3606 3622 3618 3621)
(brace 8 3616 3618 3617 3618)
(brace 9 3620 3622 3621 3622)
(brace 8 3621 3623 3622 3623)
(brace 8 3629 3631 3630 3631)
(brace 9 3631 3633 3632 3633)
(brace 9 3632 3634 3633 3634)
(newcommand 0 3635 3651 3647 3650)
(brace 8 3645 3647 3646 3647)
(brace 9 3649 3651 3650 3651)
(brace 8 3650 3652 3651 3652)
(brace 8 3658 3660 3659 3660)
(brace 9 3660 3662 3661 3662)
(brace 9 3661 3663 3662 3663)
(newcommand 0 3664 3680 3676 3679)
(brace 8 3674 3676 3675 3676)
(brace 9 3678 3680 3679 3680)
(brace 8 3679 3681 3680 3681)
(brace 9 3686 3688 3687 3688)
(newcommand 0 3689 3706 3701 3705)
(brace 8 3699 3701 3700 3701)
(brace 9 3704 3706 3705 3706)
(brace 8 3708 3710 3709 3710)
(brace 8 3709 3711 3710 3711)
(brace 8 3721 3723 3722 3723)
(brace 8 3729 3731 3730 3731)
(brace 9 3732 3734 3733 3734)
(brace 9 3733 3735 3734 3735)
(brace 9 3734 3736 3735 3736)
(brace 9 3735 3737 3736 3737)
(newcommand 0 3738 3757 3750 3756)
(brace 8 3748 3750 3749 3750)
(brace 9 3755 3757 3756 3757)
(brace 8 3756 3758 3757 3758)
(brace 8 3769 3771 3770 3771)
(brace 9 3775 3777 3776 3777)
(brace 8 3776 3778 3777 3778)
(brace 9 3783 3785 3784 3785)
(brace 9 3784 3786 3785 3786)
(newcommand 0 3787 3810 3799 3809)
(brace 8 3797 3799 3798 3799)
(brace 9 3808 3810 3809 3810)
(brace 8 3812 3814 3813 3814)
(brace 8 3824 3826 3825 3826)
(brace 9 3842 3844 3843 3844)
(brace 9 3843 3845 3844 3845)
(newcommand 0 3846 3863 3858 3862)
(brace 8 3856 3858 3857 3858)
(brace 9 3861 3863 3862 3863)
(brace 8 3865 3867 3866 3867)
(brace 8 3877 3879 3878 3879)
(brace 8 3888 3890 3889 3890)
(brace 9 3891 3893 3892 3893)
(brace 9 3892 3894 3893 3894)
(brace 9 3893 3895 3894 3895)
(comment 0 3902 3903 3902 3903)
(newcommand 0 3913 3929 3925 3928)
(brace 8 3923 3925 3924 3925)
(brace 9 3927 3929 3928 3929)
(brace 8 3928 3930 3929 3930)
(brace 9 3942 3944 3943 3944)
(newcommand 0 3947 3965 3960 3964)
(brace 8 3958 3960 3959 3960)
(brace 9 3963 3965 3964 3965)
(brace 8 3964 3966 3965 3966)
(brace 8 3979 3981 3980 3981)
(brace 9 3980 3982 3981 3982)
(brace 8 3990 3992 3991 3992)
(brace 9 3991 3993 3992 3993)
(brace 8 3999 4001 4000 4001)
(brace 9 4001 4003 4002 4003)
(brace 9 4006 4008 4007 4008)
(comment 0 4010 4011 4010 4011)
(brace 8 4075 4077 4076 4077)
(brace 9 4086 4088 4087 4088)
(comment 0 4088 4089 4088 4089)
(brace 8 4097 4099 4098 4099)
(brace 8 4122 4124 4123 4124)
(brace 9 4131 4133 4132 4133)
(brace 9 4132 4134 4133 4134)
(brace 8 4147 4149 4148 4149)
(brace 9 4157 4159 4158 4159)
(brace 8 4158 4160 4159 4160)
(brace 9 4169 4171 4170 4171)
(comment 0 4187 4188 4187 4188)
(comment 0 4188 4189 4188 4189)
(comment 0 4189 4190 4189 4190)
(comment 0 4190 4191 4190 4191)
(comment 0 4191 4192 4191 4192)
(newcommand 0 4213 4234 4225 4233)
(brace 8 4223 4225 4224 4225)
(brace 9 4232 4234 4233 4234)
(brace 8 4233 4235 4234 4235)
(brace 9 4246 4248 4247 4248)
(brace 8 4259 4261 4260 4261)
(brace 9 4264 4266 4265 4266)
(brace 8 4279 4281 4280 4281)
(brace 9 4288 4290 4289 4290)
(brace 8 4289 4291 4290 4291)
(brace 8 4297 4299 4298 4299)
(brace 9 4302 4304 4303 4304)
(brace 9 4303 4305 4304 4305)
(newenvironment 0 4307 4327 4323 4326)
(brace 8 4321 4323 4322 4323)
(brace 9 4325 4327 4326 4327)
(brace 8 4337 4338 4337 4338)
(brace 8 4355 4357 4356 4357)
(brace 9 4360 4362 4361 4362)
(brace 8 4375 4377 4376 4377)
(brace 8 4383 4385 4384 4385)
(brace 9 4386 4388 4387 4388)
(brace 8 4387 4389 4388 4389)
(brace 9 4392 4394 4393 4394)
(brace 9 4394 4396 4395 4396)
(brace 8 4395 4397 4396 4397)
(brace 8 4410 4412 4411 4412)
(brace 9 4437 4439 4438 4439)
(brace 9 4441 4443 4442 4443)
(brace 8 4442 4444 4443 4444)
(brace 8 4457 4459 4458 4459)
(brace 8 4484 4486 4485 4486)
(brace 9 4485 4487 4486 4487)
(brace 9 4499 4501 4500 4501)
(brace 9 4503 4505 4504 4505)
(comment 0 4506 4507 4506 4507)
(comment 0 4516 4517 4516 4517)
(brace 9 4525 4526 4525 4526)
(brace 9 4527 4529 4528 4529)
(brace 8 4527 4528 4527 4528)
(brace 8 4541 4543 4542 4543)
(brace 9 4552 4554 4553 4554)
(newenvironment 0 4555 4581 4571 4580)
(brace 8 4569 4571 4570 4571)
(brace 9 4579 4581 4580 4581)
(brace 8 4580 4582 4581 4582)
(environment 2 4583 4595 4583 4595)
(brace 3 4583 4590 4583 4590)
(brace 9 4593 4595 4594 4595)
(brace 8 4594 4596 4595 4596)
(brace 8 4595 4597 4596 4597)
(brace 8 4609 4611 4610 4611)
(brace 9 4620 4622 4621 4622)
(brace 9 4622 4624 4623 4624)
(brace 9 4623 4625 4624 4625)
(brace 8 4624 4626 4625 4626)
(brace 8 4639 4641 4640 4641)
(brace 9 4650 4652 4651 4652)
(brace 8 4733 4735 4734 4735)
(brace 9 4745 4747 4746 4747)
(brace 8 4746 4748 4747 4748)
(brace 8 4747 4749 4748 4749)
(brace 9 4759 4761 4760 4761)
(brace 9 4760 4762 4761 4762)
(brace 8 4818 4820 4819 4820)
(brace 9 4830 4832 4831 4832)
(brace 8 4831 4833 4832 4833)
(brace 9 4841 4843 4842 4843)
(brace 9 4844 4846 4845 4846)
(brace 8 4845 4847 4846 4847)
(environment 3 4846 4857 4846 4857)
(brace 4 4846 4852 4847 4852)
(brace 9 4855 4857 4856 4857)
(brace 9 4857 4859 4858 4859)
(newcommand 0 4861 4883 4873 4882)
(brace 8 4871 4873 4872 4873)
(brace 9 4881 4883 4882 4883)
(brace 8 4885 4887 4886 4887)
(brace 9 4886 4888 4887 4888)
(comment 0 4890 4891 4890 4891)
(comment 0 4891 4892 4891 4892)
(comment 0 4892 4893 4892 4893)
(comment 0 4893 4894 4893 4894)
(comment 0 4894 4895 4894 4895)
(comment 0 4895 4896 4895 4896)
(comment 0 4896 4897 4896 4897)
(comment 0 4897 4898 4897 4898)
(comment 0 4898 4899 4898 4899)
(comment 0 4899 4900 4899 4900)
(comment 0 4900 4901 4900 4901)
(comment 0 4901 4902 4901 4902)
(comment 0 4902 4903 4902 4903)
(comment 0 4903 4904 4903 4904)
(comment 0 4904 4905 4904 4905)
(comment 0 4905 4906 4905 4906)
(comment 0 4906 4907 4906 4907)
(comment 0 4907 4908 4907 4908)
(comment 0 4908 4909 4908 4909)
(comment 0 4909 4910 4909 4910)
(comment 0 4910 4911 4910 4911)
(comment 0 4911 4912 4911 4912)
(comment 0 4912 4913 4912 4913)
(comment 0 4913 4914 4913 4914)
(comment 0 4914 4915 4914 4915)
(comment 0 4915 4916 4915 4916)
(comment 0 4916 4917 4916 4917)
(comment 0 4917 4918 4917 4918)
(comment 0 4918 4919 4918 4919)
(comment 0 4919 4920 4919 4920)
(comment 0 4920 4921 4920 4921)
(comment 0 4921 4922 4921 4922)
(comment 0 4922 4923 4922 4923)
(comment 0 4923 4924 4923 4924)
(comment 0 4924 4925 4924 4925)
(comment 0 4925 4926 4925 4926)
(comment 0 4926 4927 4926 4927)
(comment 0 4927 4928 4927 4928)
(comment 0 4928 4929 4928 4929)
(comment 0 4929 4930 4929 4930)
(comment 0 4930 4931 4930 4931)
(newcommand 0 4932 4960 4944 4959)
(brace 8 4942 4944 4943 4944)
(brace 9 4958 4960 4959 4960)
(brace 8 4959 4961 4960 4961)
(brace 8 4967 4969 4968 4969)
(brace 9 4971 4973 4972 4973)
(brace 9 4972 4974 4973 4974)
(newcommand 0 4975 5002 4987 5001)
(brace 8 4985 4987 4986 4987)
(brace 9 5000 5002 5001 5002)
(brace 8 5001 5003 5002 5003)
(brace 8 5009 5011 5010 5011)
(brace 9 5013 5015 5014 5015)
(brace 9 5014 5016 5015 5016)
(newcommand 0 5017 5039 5029 5038)
(brace 8 5027 5029 5028 5029)
(brace 9 5037 5039 5038 5039)
(brace 8 5038 5040 5039 5040)
(brace 9 5039 5041 5040 5041)
(newcommand 0 5044 5075 5056 5074)
(brace 8 5054 5056 5055 5056)
(brace 9 5073 5075 5074 5075)
(comment 0 5080 5081 5080 5081)
(brace 8 5131 5132 5131 5132)
(brace 8 5145 5147 5146 5147)
(brace 8 5153 5155 5154 5155)
(brace 9 5156 5158 5157 5158)
(brace 8 5157 5159 5158 5159)
(brace 9 5162 5164 5163 5164)
(brace 9 5164 5166 5165 5166)
(brace 8 5165 5167 5166 5167)
(brace 8 5197 5199 5198 5199)
(brace 9 5210 5212 5211 5212)
(brace 9 5214 5216 5215 5216)
(brace 8 5215 5217 5216 5217)
(brace 8 5247 5249 5248 5249)
(brace 9 5273 5275 5274 5275)
(brace 9 5277 5279 5278 5279)
(brace 9 5280 5281 5280 5281)
(comment 0 5283 5284 5283 5284)
(comment 0 5319 5320 5319 5320)
(comment 0 5328 5329 5328 5329)
(newenvironment 0 5364 5387 5380 5386)
(brace 8 5378 5380 5379 5380)
(brace 9 5385 5387 5386 5387)
(brace 8 5397 5398 5397 5398)
(brace 8 5416 5418 5417 5418)
(brace 9 5423 5425 5424 5425)
(brace 8 5424 5426 5425 5426)
(brace 9 5427 5429 5428 5429)
(brace 9 5429 5431 5430 5431)
(brace 8 5432 5433 5432 5433)
(brace 9 5455 5457 5456 5457)
(newcommand 0 5460 5482 5472 5481)
(brace 8 5470 5472 5471 5472)
(brace 9 5480 5482 5481 5482)
(brace 8 5484 5486 5485 5486)
(comment 0 5486 5487 5486 5487)
(brace 8 5506 5508 5507 5508)
(environment 2 5554 5568 5554 5568)
(brace 3 5554 5562 5555 5562)
(brace 9 5566 5568 5567 5568)
(brace 8 5567 5569 5568 5569)
(brace 8 5570 5572 5571 5572)
(brace 9 5573 5575 5574 5575)
(brace 8 5576 5578 5577 5578)
(brace 9 5579 5581 5580 5581)
(brace 9 5581 5583 5582 5583)
(environment 3 5670 5682 5670 5682)
(brace 4 5670 5676 5671 5676)
(brace 9 5680 5682 5681 5682)
(brace 9 5707 5709 5708 5709)
(brace 9 5708 5710 5709 5710)
(newcommand 0 5711 5727 5723 5726)
(brace 8 5721 5723 5722 5723)
(brace 9 5725 5727 5726 5727)
(brace 8 5726 5728 5727 5728)
(brace 9 5734 5736 5735 5736)
(newcommand 0 5737 5755 5749 5754)
(brace 8 5747 5749 5748 5749)
(brace 9 5753 5755 5754 5755)
(brace 8 5757 5759 5758 5759)
(brace 8 5766 5768 5767 5768)
(brace 9 5768 5770 5769 5770)
(brace 8 5770 5772 5771 5772)
(brace 9 5773 5775 5774 5775)
(brace 9 5774 5776 5775 5776)
(newcommand 0 5777 5793 5789 5792)
(brace 8 5787 5789 5788 5789)
(brace 9 5791 5793 5792 5793)
(brace 8 5792 5794 5793 5794)
(brace 8 5800 5802 5801 5802)
(brace 9 5802 5804 5803 5804)
(brace 9 5803 5805 5804 5805)
(newcommand 0 5806 5822 5818 5821)
(brace 8 5816 5818 5817 5818)
(brace 9 5820 5822 5821 5822)
(brace 8 5821 5823 5822 5823)
(brace 8 5829 5831 5830 5831)
(brace 9 5831 5833 5832 5833)
(brace 9 5832 5834 5833 5834)
(newcommand 0 5835 5851 5847 5850)
(brace 8 5845 5847 5846 5847)
(brace 9 5849 5851 5850 5851)
(brace 8 5850 5852 5851 5852)
(brace 8 5858 5860 5859 5860)
(brace 9 5860 5862 5861 5862)
(brace 9 5861 5863 5862 5863)
(newenvironment 0 5865 5886 5881 5885)
(brace 8 5879 5881 5880 5881)
(brace 9 5884 5886 5885 5886)
(comment 0 5892 5893 5892 5893)
(brace 8 5897 5899 5898 5899)
(brace 8 5909 5911 5910 5911)
(environment 2 5934 5948 5934 5948)
(brace 3 5934 5942 5935 5942)
(brace 9 5946 5948 5947 5948)
(brace 8 5947 5949 5948 5949)
(brace 8 5951 5953 5952 5953)
(brace 9 5957 5959 5958 5959)
(brace 9 5959 5961 5960 5961)
(brace 9 5960 5962 5961 5962)
(brace 9 5961 5963 5962 5963)
(comment 0 5963 5964 5963 5964)
(brace 8 5968 5970 5969 5970)
(environment 3 5969 5981 5969 5981)
(brace 4 5969 5975 5970 5975)
(brace 9 5979 5981 5980 5981)
(brace 9 5987 5989 5988 5989)
(newcommand 0 5991 6006 6003 6005)
(brace 8 6001 6003 6002 6003)
(brace 9 6004 6006 6005 6006)
(brace 8 6008 6010 6009 6010)
(brace 8 6009 6011 6010 6011)
(brace 8 6021 6023 6022 6023)
(comment 0 6034 6035 6034 6035)
(brace 8 6039 6041 6040 6041)
(brace 8 6046 6048 6047 6048)
(brace 9 6049 6051 6050 6051)
(brace 8 6050 6052 6051 6052)
(brace 9 6053 6055 6054 6055)
(brace 9 6054 6056 6055 6056)
(brace 8 6064 6066 6065 6066)
(brace 8 6071 6073 6072 6073)
(brace 9 6074 6076 6075 6076)
(brace 8 6075 6077 6076 6077)
(brace 9 6078 6080 6079 6080)
(brace 9 6079 6081 6080 6081)
(brace 8 6085 6087 6086 6087)
(brace 8 6091 6093 6092 6093)
(brace 9 6094 6096 6095 6096)
(brace 8 6095 6097 6096 6097)
(brace 9 6098 6100 6099 6100)
(brace 9 6099 6101 6100 6101)
(brace 8 6105 6107 6106 6107)
(brace 8 6111 6113 6112 6113)
(brace 9 6114 6116 6115 6116)
(brace 8 6115 6117 6116 6117)
(brace 9 6118 6120 6119 6120)
(brace 9 6119 6121 6120 6121)
(brace 9 6125 6127 6126 6127)
(brace 9 6126 6128 6127 6128)
(brace 9 6127 6129 6128 6129)
(brace 8 6142 6144 6143 6144)
(brace 9 6146 6148 6147 6148)
(brace 8 6147 6149 6148 6149)
(brace 9 6157 6159 6158 6159)
(newcommand 0 6160 6176 6172 6175)
(brace 8 6170 6172 6171 6172)
(brace 9 6174 6176 6175 6176)
(brace 8 6175 6177 6176 6177)
(brace 9 6187 6189 6188 6189)
(newcommand 0 6190 6212 6202 6211)
(brace 8 6200 6202 6201 6202)
(brace 9 6210 6212 6211 6212)
(brace 8 6214 6216 6215 6216)
(brace 8 6215 6217 6216 6217)
(brace 9 6231 6233 6232 6233)
(brace 9 6232 6234 6233 6234)
(newcommand 0 6235 6253 6247 6252)
(brace 8 6245 6247 6246 6247)
(brace 9 6251 6253 6252 6253)
(brace 8 6255 6257 6256 6257)
(brace 8 6267 6269 6268 6269)
(brace 9 6292 6294 6293 6294)
(brace 9 6293 6295 6294 6295)
(newcommand 0 6296 6314 6308 6313)
(brace 8 6306 6308 6307 6308)
(brace 9 6312 6314 6313 6314)
(brace 8 6316 6318 6317 6318)
(brace 8 6328 6330 6329 6330)
(brace 8 6336 6338 6337 6338)
(brace 9 6340 6342 6341 6342)
(brace 8 6342 6344 6343 6344)
(brace 9 6345 6347 6346 6347)
(brace 8 6347 6349 6348 6349)
(brace 9 6350 6352 6351 6352)
(brace 9 6355 6357 6356 6357)
(brace 9 6356 6358 6357 6358)
(newcommand 0 6359 6376 6371 6375)
(brace 8 6369 6371 6370 6371)
(brace 9 6374 6376 6375 6376)
(brace 8 6378 6380 6379 6380)
(brace 8 6384 6386 6385 6386)
(brace 9 6387 6389 6388 6389)
(brace 8 6388 6390 6389 6390)
(brace 9 6389 6391 6390 6391)
(brace 8 6390 6392 6391 6392)
(brace 9 6393 6395 6394 6395)
(brace 9 6394 6396 6395 6396)
(newcommand 0 6397 6413 6409 6412)
(brace 8 6407 6409 6408 6409)
(brace 9 6411 6413 6412 6413)
(brace 8 6412 6414 6413 6414)
(brace 8 6424 6426 6425 6426)
(brace 8 6432 6434 6433 6434)
(brace 9 6435 6437 6436 6437)
(brace 9 6436 6438 6437 6438)
(brace 9 6437 6439 6438 6439)
(brace 8 6452 6454 6453 6454)
(brace 9 6455 6457 6456 6457)
(brace 8 6456 6458 6457 6458)
(brace 8 6468 6470 6469 6470)
(brace 8 6476 6478 6477 6478)
(brace 9 6478 6480 6479 6480)
(brace 9 6479 6481 6480 6481)
(brace 9 6480 6482 6481 6482)
(brace 8 6495 6497 6496 6497)
(brace 9 6500 6502 6501 6502)
(brace 8 6501 6503 6502 6503)
(brace 9 6511 6513 6512 6513)
(brace 8 6526 6528 6527 6528)
(brace 9 6531 6533 6532 6533)
(brace 8 6532 6534 6533 6534)
(brace 9 6542 6544 6543 6544)
(1 0 6547 6568 6559 6567)
(brace 0 6547 6559 6547 6559)
(brace 9 6566 6568 6567 6568)
(brace 8 6582 6584 6583 6584)
(brace 9 6590 6592 6591 6592)
(brace 8 6591 6593 6592 6593)
(brace 8 6603 6605 6604 6605)
(brace 9 6617 6619 6618 6619)
(brace 8 6618 6620 6619 6620)
(brace 8 6644 6646 6645 6646)
(brace 9 6649 6651 6650 6651)
(brace 9 6658 6660 6659 6660)
(brace 8 6659 6661 6660 6661)
(brace 8 6673 6675 6674 6675)
(brace 9 6678 6680 6679 6680)
(brace 8 6679 6681 6680 6681)
(brace 9 6682 6684 6683 6684)
(brace 8 6708 6710 6709 6710)
(brace 9 6713 6715 6714 6715)
(brace 9 6722 6724 6723 6724)
(brace 9 6723 6725 6724 6725)
(environment 2 6727 6743 6727 6743)
(preamble 1 6727 6743 6727 6743)
(brace 3 6727 6734 6727 6734)
(brace 9 6741 6743 6742 6743)
(comment 0 6747 6748 6747 6748)
(brace 8 6852 6854 6853 6854)
(brace 8 6853 6855 6854 6855)
(brace 9 6913 6915 6914 6915)
(brace 9 6914 6916 6915 6916)
(brace 8 6915 6917 6916 6917)
(brace 9 6916 6918 6917 6918)
(brace 8 6922 6924 6923 6924)
(brace 8 6923 6925 6924 6925)
(brace 9 6957 6959 6958 6959)
(brace 9 6958 6960 6959 6960)
(brace 8 6980 6982 6981 6982)
(brace 8 6981 6983 6982 6983)
(brace 9 7014 7016 7015 7016)
(brace 9 7015 7017 7016 7017)
(brace 8 7016 7018 7017 7018)
(brace 9 7017 7019 7018 7019)
(brace 8 7018 7020 7019 7020)
(brace 8 7019 7021 7020 7021)
(brace 9 7056 7058 7057 7058)
(brace 9 7057 7059 7058 7059)
(comment 0 7061 7062 7061 7062)
(comment 0 7157 7158 7157 7158)
(comment 0 7249 7250 7249 7250)
(environment 2 7343 7357 7343 7357)
(brace 3 7343 7350 7343 7350)
(brace 9 7355 7357 7356 7357)
(brace 8 7362 7364 7363 7364)
(brace 9 7396 7398 7397 7398)
(environment 3 7399 7411 7399 7411)
(brace 4 7399 7404 7399 7404)
(brace 9 7409 7411 7410 7411)
(environment 2 7414 7425 7414 7425)
(brace 3 7414 7421 7414 7421)
(brace 9 7423 7425 7424 7425)
(environment 2 7426 7443 7426 7443)
(brace 3 7426 7433 7426 7433)
(brace 9 7441 7443 7442 7443)
(brace 8 7457 7459 7458 7459)
(brace 9 7517 7519 7518 7519)
(inline-math 0 7525 7526 7525 7526)
(inline-math 0 7569 7570 7569 7570)
(inline-math 0 7577 7578 7577 7578)
(brace 8 7593 7595 7594 7595)
(brace 9 7595 7597 7596 7597)
(inline-math 0 7597 7598 7597 7598)
(inline-math 0 7612 7613 7612 7613)
(inline-math 0 7614 7615 7614 7615)
(inline-math 0 7636 7637 7636 7637)
(inline-math 0 7638 7639 7638 7639)
(inline-math 0 7640 7641 7640 7641)
(inline-math 0 7644 7645 7644 7645)
(inline-math 0 7646 7647 7646 7647)
(inline-math 0 7663 7664 7663 7664)
(inline-math 0 7666 7667 7666 7667)
(inline-math 0 7682 7683 7682 7683)
(inline-math 0 7692 7693 7692 7693)
(inline-math 0 7712 7713 7712 7713)
(inline-math 0 7718 7719 7718 7719)
(inline-math 0 7731 7732 7731 7732)
(inline-math 0 7736 7737 7736 7737)
(inline-math 0 7749 7750 7749 7750)
(inline-math 0 7759 7760 7759 7760)
(inline-math 0 7784 7785 7784 7785)
(inline-math 0 7800 7801 7800 7801)
(inline-math 0 7802 7803 7802 7803)
(inline-math 0 7817 7818 7817 7818)
(inline-math 0 7834 7835 7834 7835)
(inline-math 0 7837 7838 7837 7838)
(inline-math 0 7853 7854 7853 7854)
(inline-math 0 7943 7944 7943 7944)
(inline-math 0 7945 7946 7945 7946)
(inline-math 0 7998 7999 7998 7999)
(inline-math 0 8013 8014 8013 8014)
(inline-math 0 8018 8019 8018 8019)
(inline-math 0 8020 8021 8020 8021)
(inline-math 0 8052 8053 8052 8053)
(inline-math 0 8054 8055 8054 8055)
(inline-math 0 8079 8080 8079 8080)
(inline-math 0 8087 8088 8087 8088)
(inline-math 0 8105 8106 8105 8106)
(inline-math 0 8107 8108 8107 8108)
(inline-math 0 8122 8123 8122 8123)
(inline-math 0 8124 8125 8124 8125)
(inline-math 0 8137 8138 8137 8138)
(inline-math 0 8147 8148 8147 8148)
(inline-math 0 8154 8155 8154 8155)
(inline-math 0 8162 8163 8162 8163)
(inline-math 0 8167 8168 8167 8168)
(inline-math 0 8177 8178 8177 8178)
(inline-math 0 8184 8185 8184 8185)
(inline-math 0 8192 8193 8192 8193)
(inline-math 0 8202 8203 8202 8203)
(inline-math 0 8225 8226 8225 8226)
(inline-math 0 8230 8231 8230 8231)
(inline-math 0 8253 8254 8253 8254)
(environment 3 8256 8271 8256 8271)
(brace 4 8256 8261 8256 8261)
(brace 9 8269 8271 8270 8271)
(environment 3 8273 8282 8273 8282)
(brace 4 8273 8278 8273 8278)
(brace 9 8280 8282 8281 8282)
(environment 2 8285 8296 8285 8296)
(brace 3 8285 8292 8285 8292)
(brace 9 8294 8296 8295 8296)
(inline-math 0 8303 8304 8303 8304)
(inline-math 0 8305 8306 8305 8306)
(inline-math 0 8337 8338 8337 8338)
(inline-math 0 8344 8345 8344 8345)
(inline-math 0 8356 8357 8356 8357)
(inline-math 0 8362 8363 8362 8363)
(inline-math 0 8394 8395 8394 8395)
(inline-math 0 8396 8397 8396 8397)
(inline-math 0 8427 8428 8427 8428)
(inline-math 0 8441 8442 8441 8442)
(inline-math 0 8476 8477 8476 8477)
(inline-math 0 8478 8479 8478 8479)
(inline-math 0 8513 8514 8513 8514)
(brace 8 8515 8517 8516 8517)
(brace 9 8517 8519 8518 8519)
(brace 8 8521 8523 8522 8523)
(brace 9 8523 8525 8524 8525)
(inline-math 0 8531 8532 8531 8532)
(inline-math 0 8542 8543 8542 8543)
(brace 8 8546 8548 8547 8548)
(brace 9 8548 8550 8549 8550)
(brace 8 8555 8557 8556 8557)
(brace 9 8557 8559 8558 8559)
(inline-math 0 8560 8561 8560 8561)
(inline-math 0 8575 8576 8575 8576)
(inline-math 0 8577 8578 8577 8578)
(inline-math 0 8601 8602 8601 8602)
(inline-math 0 8603 8604 8603 8604)
(inline-math 0 8621 8622 8621 8622)
(inline-math 0 8625 8626 8625 8626)
(environment 3 8630 8639 8630 8639)
(brace 4 8630 8635 8630 8635)
(brace 9 8637 8639 8638 8639)
(environment 2 8644 8655 8644 8655)
(brace 3 8644 8651 8644 8651)
(brace 9 8653 8655 8654 8655)
(inline-math 0 8662 8663 8662 8663)
(inline-math 0 8698 8699 8698 8699)
(inline-math 0 8768 8769 8768 8769)
(brace 8 8776 8778 8777 8778)
(brace 9 8778 8780 8779 8780)
(brace 8 8782 8784 8783 8784)
(brace 9 8784 8786 8785 8786)
(inline-math 0 8804 8805 8804 8805)
(inline-math 0 8816 8817 8816 8817)
(inline-math 0 8832 8833 8832 8833)
(inline-math 0 8844 8845 8844 8845)
(inline-math 0 8846 8847 8846 8847)
(inline-math 0 8851 8852 8851 8852)
(brace 8 8859 8861 8860 8861)
(brace 9 8861 8863 8862 8863)
(brace 8 8865 8867 8866 8867)
(brace 9 8867 8869 8868 8869)
(inline-math 0 8887 8888 8887 8888)
(environment 0 8901 8918 8901 8918)
(brace 3 8901 8908 8901 8908)
(brace 9 8916 8918 8917 8918)
(environment 2 8934 8947 8934 8947)
(brace 3 8934 8941 8934 8941)
(brace 9 8945 8947 8946 8947)
(brace 8 8946 8948 8947 8948)
(brace 9 8949 8951 8950 8951)
(brace 8 8955 8957 8956 8957)
(brace 9 8957 8959 8958 8959)
(brace 8 8968 8970 8969 8970)
(brace 9 8970 8972 8971 8972)
(environment 3 9015 9026 9015 9026)
(brace 4 9015 9020 9015 9020)
(brace 9 9024 9026 9025 9026)
(environment 1 9034 9049 9034 9049)
(brace 4 9034 9039 9034 9039)
(brace 9 9047 9049 9048 9049)
(inline-math 0 9066 9067 9066 9067)
(brace 8 9083 9085 9084 9085)
(brace 9 9085 9087 9086 9087)
(brace 8 9089 9091 9090 9091)
(brace 9 9091 9093 9092 9093)
(inline-math 0 9113 9114 9113 9114)
(environment 3 9119 9128 9119 9128)
(brace 4 9119 9124 9119 9124)
(brace 9 9126 9128 9127 9128)
(environment 2 9131 9142 9131 9142)
(brace 3 9131 9138 9131 9138)
(brace 9 9140 9142 9141 9142)
(inline-math 0 9151 9152 9151 9152)
(inline-math 0 9153 9154 9153 9154)
(inline-math 0 9168 9169 9168 9169)
(inline-math 0 9175 9176 9175 9176)
(inline-math 0 9180 9181 9180 9181)
(inline-math 0 9182 9183 9182 9183)
(inline-math 0 9217 9218 9217 9218)
(inline-math 0 9219 9220 9219 9220)
(inline-math 0 9261 9262 9261 9262)
(inline-math 0 9286 9287 9286 9287)
(inline-math 0 9298 9299 9298 9299)
(inline-math 0 9314 9315 9314 9315)
(inline-math 0 9319 9320 9319 9320)
(inline-math 0 9324 9325 9324 9325)
(inline-math 0 9336 9337 9336 9337)
(inline-math 0 9343 9344 9343 9344)
(inline-math 0 9348 9349 9348 9349)
(inline-math 0 9357 9358 9357 9358)
(inline-math 0 9372 9373 9372 9373)
(inline-math 0 9374 9375 9374 9375)
(inline-math 0 9402 9403 9402 9403)
(inline-math 0 9404 9405 9404 9405)
(inline-math 0 9407 9408 9407 9408)
(inline-math 0 9410 9411 9410 9411)
(inline-math 0 9416 9417 9416 9417)
(inline-math 0 9423 9424 9423 9424)
(environment 3 9428 9437 9428 9437)
(brace 4 9428 9433 9428 9433)
(brace 9 9435 9437 9436 9437)
(environment 2 9441 9452 9441 9452)
(brace 3 9441 9448 9441 9448)
(brace 9 9450 9452 9451 9452)
(environment 0 9489 9506 9489 9506)
(brace 3 9489 9496 9489 9496)
(brace 9 9504 9506 9505 9506)
(environment 2 9520 9533 9520 9533)
(brace 3 9520 9527 9520 9527)
(brace 9 9531 9533 9532 9533)
(brace 8 9532 9534 9533 9534)
(brace 9 9534 9536 9535 9536)
(environment 3 9585 9596 9585 9596)
(brace 4 9585 9590 9585 9590)
(brace 9 9594 9596 9595 9596)
(environment 1 9604 9619 9604 9619)
(brace 4 9604 9609 9604 9609)
(brace 9 9617 9619 9618 9619)
(inline-math 0 9625 9626 9625 9626)
(inline-math 0 9632 9633 9632 9633)
(inline-math 0 9663 9664 9663 9664)
(inline-math 0 9677 9678 9677 9678)
(inline-math 0 9689 9690 9689 9690)
(inline-math 0 9707 9708 9707 9708)
(inline-math 0 9719 9720 9719 9720)
(inline-math 0 9728 9729 9728 9729)
(inline-math 0 9775 9776 9775 9776)
(inline-math 0 9784 9785 9784 9785)
(inline-math 0 9851 9852 9851 9852)
(inline-math 0 9857 9858 9857 9858)
(inline-math 0 9868 9869 9868 9869)
(inline-math 0 9876 9877 9876 9877)
(inline-math 0 9943 9944 9943 9944)
(inline-math 0 9958 9959 9958 9959)
(inline-math 0 9970 9971 9970 9971)
(inline-math 0 9990 9991 9990 9991)
(inline-math 0 9997 9998 9997 9998)
(inline-math 0 10018 10019 10018 10019)
(inline-math 0 10037 10038 10037 10038)
(inline-math 0 10064 10065 10064 10065)
(inline-math 0 10083 10084 10083 10084)
(inline-math 0 10084 10085 10084 10085)
(inline-math 0 10164 10165 10164 10165)
(inline-math 0 10165 10166 10165 10166)
(environment 2 10168 10185 10168 10185)
(brace 3 10168 10175 10168 10175)
(brace 9 10183 10185 10184 10185)
(inline-math 0 10204 10205 10204 10205)
(inline-math 0 10212 10213 10212 10213)
(inline-math 0 10221 10222 10221 10222)
(inline-math 0 10223 10224 10223 10224)
(inline-math 0 10259 10260 10259 10260)
(inline-math 0 10272 10273 10272 10273)
(inline-math 0 10300 10301 10300 10301)
(inline-math 0 10316 10317 10316 10317)
(inline-math 0 10325 10326 10325 10326)
(inline-math 0 10326 10327 10326 10327)
(brace 8 10352 10354 10353 10354)
(brace 9 10354 10356 10355 10356)
(brace 8 10356 10358 10357 10358)
(brace 9 10358 10360 10359 10360)
(inline-math 0 10395 10396 10395 10396)
(inline-math 0 10396 10397 10396 10397)
(inline-math 0 10453 10454 10453 10454)
(inline-math 0 10461 10462 10461 10462)
(inline-math 0 10469 10470 10469 10470)
(inline-math 0 10502 10503 10502 10503)
(inline-math 0 10514 10515 10514 10515)
(inline-math 0 10528 10529 10528 10529)
(inline-math 0 10551 10552 10551 10552)
(inline-math 0 10576 10577 10576 10577)
(inline-math 0 10588 10589 10588 10589)
(inline-math 0 10608 10609 10608 10609)
(environment 3 10652 10667 10652 10667)
(brace 4 10652 10657 10652 10657)
(brace 9 10665 10667 10666 10667)
(environment 3 10669 10678 10669 10678)
(brace 4 10669 10674 10669 10674)
(brace 9 10676 10678 10677 10678)
(environment 2 10680 10691 10680 10691)
(brace 3 10680 10687 10680 10687)
(brace 9 10689 10691 10690 10691)
(inline-math 0 10706 10707 10706 10707)
(inline-math 0 10713 10714 10713 10714)
(inline-math 0 10728 10729 10728 10729)
(inline-math 0 10735 10736 10735 10736)
(inline-math 0 10740 10741 10740 10741)
(inline-math 0 10762 10763 10762 10763)
(inline-math 0 10808 10809 10808 10809)
(inline-math 0 10821 10822 10821 10822)
(inline-math 0 10832 10833 10832 10833)
(inline-math 0 10836 10837 10836 10837)
(inline-math 0 10918 10919 10918 10919)
(inline-math 0 10928 10929 10928 10929)
(inline-math 0 10940 10941 10940 10941)
(inline-math 0 10949 10950 10949 10950)
(inline-math 0 10954 10955 10954 10955)
(brace 8 10967 10969 10968 10969)
(brace 9 10980 10982 10981 10982)
(inline-math 0 10999 11000 10999 11000)
(inline-math 0 11031 11032 11031 11032)
(inline-math 0 11033 11034 11033 11034)
(inline-math 0 11041 11042 11041 11042)
(inline-math 0 11046 11047 11046 11047)
(inline-math 0 11053 11054 11053 11054)
(inline-math 0 11071 11072 11071 11072)
(inline-math 0 11080 11081 11080 11081)
(inline-math 0 11085 11086 11085 11086)
(inline-math 0 11129 11130 11129 11130)
(inline-math 0 11134 11135 11134 11135)
(inline-math 0 11217 11218 11217 11218)
(inline-math 0 11230 11231 11230 11231)
(inline-math 0 11240 11241 11240 11241)
(inline-math 0 11251 11252 11251 11252)
(inline-math 0 11275 11276 11275 11276)
(inline-math 0 11283 11284 11283 11284)
(inline-math 0 11297 11298 11297 11298)
(inline-math 0 11308 11309 11308 11309)
(inline-math 0 11331 11332 11331 11332)
(inline-math 0 11344 11345 11344 11345)
(inline-math 0 11373 11374 11373 11374)
(brace 8 11380 11382 11381 11382)
(brace 9 11390 11392 11391 11392)
(inline-math 0 11392 11393 11392 11393)
(inline-math 0 11407 11408 11407 11408)
(inline-math 0 11416 11417 11416 11417)
(inline-math 0 11431 11432 11431 11432)
(brace 8 11436 11438 11437 11438)
(brace 9 11440 11442 11441 11442)
(inline-math 0 11451 11452 11451 11452)
(inline-math 0 11469 11470 11469 11470)
(inline-math 0 11480 11481 11480 11481)
(inline-math 0 11508 11509 11508 11509)
(inline-math 0 11510 11511 11510 11511)
(inline-math 0 11512 11513 11512 11513)
(inline-math 0 11515 11516 11515 11516)
(inline-math 0 11521 11522 11521 11522)
(inline-math 0 11545 11546 11545 11546)
(inline-math 0 11550 11551 11550 11551)
(inline-math 0 11569 11570 11569 11570)
(inline-math 0 11573 11574 11573 11574)
(inline-math 0 11599 11600 11599 11600)
(environment 3 11602 11611 11602 11611)
(brace 4 11602 11607 11602 11607)
(brace 9 11609 11611 11610 11611)
(environment 2 11614 11625 11614 11625)
(brace 3 11614 11621 11614 11621)
(brace 9 11623 11625 11624 11625)
(inline-math 0 11651 11652 11651 11652)
(inline-math 0 11664 11665 11664 11665)
(inline-math 0 11686 11687 11686 11687)
(inline-math 0 11693 11694 11693 11694)
(inline-math 0 11705 11706 11705 11706)
(brace 8 11710 11712 11711 11712)
(brace 9 11714 11716 11715 11716)
(inline-math 0 11729 11730 11729 11730)
(environment 2 11732 11749 11732 11749)
(brace 3 11732 11739 11732 11739)
(brace 9 11747 11749 11748 11749)
(inline-math 0 11771 11772 11771 11772)
(inline-math 0 11773 11774 11773 11774)
(inline-math 0 11801 11802 11801 11802)
(brace 8 11823 11825 11824 11825)
(brace 9 11830 11832 11831 11832)
(inline-math 0 11834 11835 11834 11835)
(environment 3 11947 11962 11947 11962)
(brace 4 11947 11952 11947 11952)
(brace 9 11960 11962 11961 11962)
(environment 3 11964 11973 11964 11973)
(brace 4 11964 11969 11964 11969)
(brace 9 11971 11973 11972 11973)
(environment 3 11975 11989 11975 11989)
(brace 4 11975 11980 11975 11980)
(brace 9 11987 11989 11988 11989)
