"c04db10d7525636356c5f63da700d97a"
"1f62ab6ad84ea03c1f257dce43aebab0"
(preamble 0 1 38 1 38)
(0 0 1 38 30 37)
(brace 6 1 30 1 30)
(brace 9 36 38 37 38)
(brace 8 44 46 45 46)
(brace 9 51 53 52 53)
(brace 8 59 61 60 61)
(brace 9 114 116 115 116)
(preamble 1 117 133 117 133)
(environment 2 117 133 117 133)
(brace 3 117 124 117 124)
(brace 9 131 133 132 133)
(inline-math 0 150 151 150 151)
(inline-math 0 152 153 152 153)
(inline-math 0 157 158 157 158)
(inline-math 0 159 160 159 160)
(inline-math 0 198 199 198 199)
(inline-math 0 200 201 200 201)
(inline-math 0 215 216 215 216)
(inline-math 0 217 218 217 218)
(inline-math 0 225 226 225 226)
(inline-math 0 227 228 227 228)
(inline-math 0 247 248 247 248)
(inline-math 0 249 250 249 250)
(inline-math 0 256 257 256 257)
(inline-math 0 258 259 258 259)
(environment 2 261 272 261 272)
(brace 3 261 268 261 268)
(brace 9 270 272 271 272)
(inline-math 0 302 303 302 303)
(inline-math 0 318 319 318 319)
(inline-math 0 336 337 336 337)
(inline-math 0 339 340 339 340)
(inline-math 0 357 358 357 358)
(inline-math 0 366 367 366 367)
(inline-math 0 373 374 373 374)
(inline-math 0 379 380 379 380)
(display-math 0 383 386 384 386)
(display-math 1 412 415 413 415)
(environment 3 416 425 416 425)
(brace 4 416 421 416 421)
(brace 9 423 425 424 425)
(brace 8 432 434 433 434)
(brace 9 838 840 839 840)
(environment 2 842 856 842 856)
(brace 3 842 850 843 850)
(brace 9 854 856 855 856)
(inline-math 0 867 868 867 868)
(inline-math 0 885 886 885 886)
(display-math 0 902 905 903 905)
(brace 8 906 908 907 908)
(brace 9 915 917 916 917)
(display-math 1 993 996 994 996)
(display-math 0 1021 1024 1022 1024)
(brace 8 1025 1027 1026 1027)
(brace 9 1036 1038 1037 1038)
(brace 8 1095 1097 1096 1097)
(brace 9 1104 1106 1105 1106)
(display-math 1 1113 1116 1114 1116)
(inline-math 0 1139 1140 1139 1140)
(inline-math 0 1141 1142 1141 1142)
(inline-math 0 1145 1146 1145 1146)
(brace 8 1147 1149 1148 1149)
(brace 9 1156 1158 1157 1158)
(inline-math 0 1158 1159 1158 1159)
(inline-math 0 1180 1181 1180 1181)
(brace 8 1182 1184 1183 1184)
(brace 9 1193 1195 1194 1195)
(inline-math 0 1195 1196 1195 1196)
(inline-math 0 1222 1223 1222 1223)
(brace 8 1226 1228 1227 1228)
(brace 9 1228 1230 1229 1230)
(brace 8 1229 1231 1230 1231)
(brace 9 1231 1233 1232 1233)
(brace 8 1239 1241 1240 1241)
(brace 9 1250 1252 1251 1252)
(brace 8 1252 1254 1253 1254)
(brace 8 1260 1262 1261 1262)
(brace 9 1262 1264 1263 1264)
(brace 9 1263 1265 1264 1265)
(inline-math 0 1265 1266 1265 1266)
(inline-math 0 1285 1286 1285 1286)
(inline-math 0 1287 1288 1287 1288)
(inline-math 0 1295 1296 1295 1296)
(inline-math 0 1308 1309 1308 1309)
(inline-math 0 1318 1319 1318 1319)
(inline-math 0 1339 1340 1339 1340)
(inline-math 0 1352 1353 1352 1353)
(inline-math 0 1356 1357 1356 1357)
(inline-math 0 1376 1377 1376 1377)
(inline-math 0 1386 1387 1386 1387)
(inline-math 0 1393 1394 1393 1394)
(inline-math 0 1416 1417 1416 1417)
(inline-math 0 1434 1435 1434 1435)
(inline-math 0 1455 1456 1455 1456)
(inline-math 0 1463 1464 1463 1464)
(inline-math 0 1509 1510 1509 1510)
(inline-math 0 1517 1518 1517 1518)
(brace 8 1526 1528 1527 1528)
(brace 9 1535 1537 1536 1537)
(inline-math 0 1537 1538 1537 1538)
(inline-math 0 1571 1572 1571 1572)
(brace 8 1573 1575 1574 1575)
(brace 9 1584 1586 1585 1586)
(inline-math 0 1586 1587 1586 1587)
(inline-math 0 1605 1606 1605 1606)
(brace 8 1613 1615 1614 1615)
(brace 9 1622 1624 1623 1624)
(inline-math 0 1624 1625 1624 1625)
(inline-math 0 1637 1638 1637 1638)
(inline-math 0 1659 1660 1659 1660)
(inline-math 0 1666 1667 1666 1667)
(inline-math 0 1680 1681 1680 1681)
(display-math 0 1691 1694 1692 1694)
(brace 8 1697 1699 1698 1699)
(brace 9 1859 1861 1860 1861)
(display-math 1 1860 1863 1861 1863)
(inline-math 0 1873 1874 1873 1874)
(brace 8 1875 1877 1876 1877)
(brace 9 1886 1888 1887 1888)
(inline-math 0 1888 1889 1888 1889)
(inline-math 0 1910 1911 1910 1911)
(inline-math 0 1916 1917 1916 1917)
(inline-math 0 1940 1941 1940 1941)
(brace 8 1948 1950 1949 1950)
(brace 9 1957 1959 1958 1959)
(inline-math 0 1959 1960 1959 1960)
(inline-math 0 1967 1968 1967 1968)
(brace 8 1983 1985 1984 1985)
(brace 9 1992 1994 1993 1994)
(inline-math 0 1994 1995 1994 1995)
(inline-math 0 2035 2036 2035 2036)
(inline-math 0 2044 2045 2044 2045)
(inline-math 0 2072 2073 2072 2073)
(inline-math 0 2081 2082 2081 2082)
(inline-math 0 2088 2089 2088 2089)
(inline-math 0 2090 2091 2090 2091)
(environment 3 2145 2157 2145 2157)
(brace 4 2145 2151 2146 2151)
(brace 9 2155 2157 2156 2157)
(environment 2 2159 2172 2159 2172)
(brace 3 2159 2167 2160 2167)
(brace 9 2170 2172 2171 2172)
(inline-math 0 2182 2183 2182 2183)
(inline-math 0 2184 2185 2184 2185)
(inline-math 0 2223 2224 2223 2224)
(inline-math 0 2225 2226 2225 2226)
(inline-math 0 2254 2255 2254 2255)
(inline-math 0 2256 2257 2256 2257)
(inline-math 0 2264 2265 2264 2265)
(inline-math 0 2266 2267 2266 2267)
(inline-math 0 2318 2319 2318 2319)
(inline-math 0 2320 2321 2320 2321)
(inline-math 0 2325 2326 2325 2326)
(inline-math 0 2327 2328 2327 2328)
(inline-math 0 2330 2331 2330 2331)
(brace 8 2341 2343 2342 2343)
(brace 9 2343 2345 2344 2345)
(brace 8 2363 2365 2364 2365)
(brace 9 2368 2370 2369 2370)
(inline-math 0 2370 2371 2370 2371)
(environment 3 2374 2385 2374 2385)
(brace 4 2374 2380 2375 2380)
(brace 9 2383 2385 2384 2385)
(environment 2 2387 2401 2387 2401)
(brace 3 2387 2395 2388 2395)
(brace 9 2399 2401 2400 2401)
(inline-math 0 2420 2421 2420 2421)
(inline-math 0 2422 2423 2422 2423)
(inline-math 0 2446 2447 2446 2447)
(brace 8 2468 2470 2469 2470)
(brace 9 2470 2472 2471 2472)
(inline-math 0 2474 2475 2474 2475)
(inline-math 0 2481 2482 2481 2482)
(brace 8 2496 2498 2497 2498)
(brace 9 2498 2500 2499 2500)
(inline-math 0 2500 2501 2500 2501)
(inline-math 0 2508 2509 2508 2509)
(brace 8 2522 2524 2523 2524)
(brace 9 2524 2526 2525 2526)
(inline-math 0 2529 2530 2529 2530)
(inline-math 0 2542 2543 2542 2543)
(brace 8 2591 2593 2592 2593)
(brace 9 2594 2596 2595 2596)
(inline-math 0 2621 2622 2621 2622)
(inline-math 0 2629 2630 2629 2630)
(brace 8 2631 2633 2632 2633)
(brace 9 2634 2636 2635 2636)
(inline-math 0 2639 2640 2639 2640)
(inline-math 0 2668 2669 2668 2669)
(inline-math 0 2670 2671 2670 2671)
(inline-math 0 2717 2718 2717 2718)
(brace 8 2723 2725 2724 2725)
(brace 9 2726 2728 2727 2728)
(inline-math 0 2731 2732 2731 2732)
(inline-math 0 2738 2739 2738 2739)
(inline-math 0 2740 2741 2740 2741)
(inline-math 0 2755 2756 2755 2756)
(brace 8 2766 2768 2767 2768)
(brace 9 2768 2770 2769 2770)
(inline-math 0 2781 2782 2781 2782)
(inline-math 0 2789 2790 2789 2790)
(brace 8 2798 2800 2799 2800)
(brace 9 2800 2802 2801 2802)
(inline-math 0 2802 2803 2802 2803)
(inline-math 0 2820 2821 2820 2821)
(brace 8 2822 2824 2823 2824)
(brace 9 2825 2827 2826 2827)
(inline-math 0 2832 2833 2832 2833)
(inline-math 0 2842 2843 2842 2843)
(inline-math 0 2844 2845 2844 2845)
(inline-math 0 2914 2915 2914 2915)
(inline-math 0 2916 2917 2916 2917)
(environment 3 2933 2945 2933 2945)
(brace 4 2933 2939 2934 2939)
(brace 9 2943 2945 2944 2945)
(brace 8 2954 2956 2955 2956)
(brace 9 3367 3369 3368 3369)
(brace 8 3376 3378 3377 3378)
(brace 9 3381 3383 3382 3383)
(environment 2 3385 3398 3385 3398)
(brace 3 3385 3393 3386 3393)
(brace 9 3396 3398 3397 3398)
(inline-math 0 3408 3409 3408 3409)
(inline-math 0 3410 3411 3410 3411)
(inline-math 0 3415 3416 3415 3416)
(inline-math 0 3417 3418 3417 3418)
(inline-math 0 3448 3449 3448 3449)
(inline-math 0 3450 3451 3450 3451)
(inline-math 0 3466 3467 3466 3467)
(inline-math 0 3468 3469 3468 3469)
(inline-math 0 3495 3496 3495 3496)
(inline-math 0 3497 3498 3497 3498)
(inline-math 0 3504 3505 3504 3505)
(inline-math 0 3506 3507 3506 3507)
(inline-math 0 3514 3515 3514 3515)
(inline-math 0 3516 3517 3516 3517)
(environment 3 3573 3584 3573 3584)
(brace 4 3573 3579 3574 3579)
(brace 9 3582 3584 3583 3584)
(brace 8 3593 3595 3594 3595)
(inline-math 0 3742 3743 3742 3743)
(inline-math 0 3744 3745 3744 3745)
(inline-math 0 3777 3778 3777 3778)
(inline-math 0 3779 3780 3779 3780)
(brace 9 3934 3936 3935 3936)
(environment 2 3938 3952 3938 3952)
(brace 3 3938 3946 3939 3946)
(brace 9 3950 3952 3951 3952)
(inline-math 0 4013 4014 4013 4014)
(inline-math 0 4015 4016 4015 4016)
(inline-math 0 4103 4104 4103 4104)
(inline-math 0 4142 4143 4142 4143)
(inline-math 0 4160 4161 4160 4161)
(inline-math 0 4170 4171 4170 4171)
(inline-math 0 4201 4202 4201 4202)
(inline-math 0 4203 4204 4203 4204)
(inline-math 0 4246 4247 4246 4247)
(inline-math 0 4248 4249 4248 4249)
(inline-math 0 4253 4254 4253 4254)
(inline-math 0 4255 4256 4255 4256)
(inline-math 0 4262 4263 4262 4263)
(inline-math 0 4264 4265 4264 4265)
(inline-math 0 4301 4302 4301 4302)
(inline-math 0 4303 4304 4303 4304)
(inline-math 0 4308 4309 4308 4309)
(inline-math 0 4310 4311 4310 4311)
(inline-math 0 4317 4318 4317 4318)
(inline-math 0 4328 4329 4328 4329)
(inline-math 0 4335 4336 4335 4336)
(inline-math 0 4351 4352 4351 4352)
(inline-math 0 4370 4371 4370 4371)
(inline-math 0 4372 4373 4372 4373)
(inline-math 0 4382 4383 4382 4383)
(brace 8 4388 4390 4389 4390)
(brace 9 4391 4393 4392 4393)
(inline-math 0 4401 4402 4401 4402)
(inline-math 0 4424 4425 4424 4425)
(inline-math 0 4426 4427 4426 4427)
(inline-math 0 4459 4460 4459 4460)
(inline-math 0 4461 4462 4461 4462)
(inline-math 0 4475 4476 4475 4476)
(inline-math 0 4477 4478 4477 4478)
(inline-math 0 4485 4486 4485 4486)
(inline-math 0 4496 4497 4496 4497)
(inline-math 0 4514 4515 4514 4515)
(inline-math 0 4525 4526 4525 4526)
(inline-math 0 4535 4536 4535 4536)
(inline-math 0 4555 4556 4555 4556)
(inline-math 0 4573 4574 4573 4574)
(inline-math 0 4597 4598 4597 4598)
(inline-math 0 4627 4628 4627 4628)
(inline-math 0 4651 4652 4651 4652)
(inline-math 0 4672 4673 4672 4673)
(brace 8 4674 4676 4675 4676)
(brace 9 4677 4679 4678 4679)
(inline-math 0 4682 4683 4682 4683)
(environment 3 4691 4703 4691 4703)
(brace 4 4691 4697 4692 4697)
(brace 9 4701 4703 4702 4703)
(brace 8 4710 4712 4711 4712)
(brace 9 4725 4727 4726 4727)
(section 0 4730 4791 4743 4790)
(brace 8 4741 4743 4742 4743)
(brace 9 4789 4791 4790 4791)
(environment 2 5061 5073 5061 5073)
(brace 3 5061 5069 5062 5069)
(brace 9 5071 5073 5072 5073)
(environment 3 5095 5105 5095 5105)
(brace 4 5095 5101 5096 5101)
(brace 9 5103 5105 5104 5105)
(environment 3 5106 5120 5106 5120)
(brace 4 5106 5111 5106 5111)
(brace 9 5118 5120 5119 5120)
(comment 0 5121 5122 5121 5122)
(comment 0 5122 5123 5122 5123)
(comment 0 5123 5124 5123 5124)
(comment 0 5142 5143 5142 5143)
(comment 0 5143 5144 5143 5144)
(comment 0 5144 5145 5144 5145)
(comment 0 5158 5159 5158 5159)
(comment 0 5159 5160 5159 5160)
(comment 0 5160 5161 5160 5161)
(comment 0 5176 5177 5176 5177)
(comment 0 5177 5178 5177 5178)
(comment 0 5178 5179 5178 5179)
