"e2136846b203920619900454ecfe5e28"
"1f62ab6ad84ea03c1f257dce43aebab0"
(preamble 0 1 30 1 30)
(0 0 1 30 22 29)
(brace 6 1 22 1 22)
(brace 9 28 30 29 30)
(1 0 31 59 53 58)
(comment 0 31 32 31 32)
(brace 8 51 53 52 53)
(brace 9 57 59 58 59)
(1 0 60 84 76 83)
(brace 8 74 76 75 76)
(brace 9 82 84 83 84)
(comment 0 100 101 100 101)
(1 0 131 159 150 158)
(brace 8 148 150 149 150)
(brace 9 157 159 158 159)
(comment 0 170 171 170 171)
(1 0 204 223 216 222)
(brace 0 204 216 204 216)
(brace 9 221 223 222 223)
(comment 0 244 245 244 245)
(1 0 276 296 288 295)
(brace 0 276 288 276 288)
(brace 9 294 296 295 296)
(comment 0 300 301 300 301)
(1 0 335 356 347 355)
(brace 0 335 347 335 347)
(brace 9 354 356 355 356)
(comment 0 359 360 359 360)
(1 0 390 410 402 409)
(brace 0 390 402 390 402)
(brace 9 408 410 409 410)
(comment 0 430 431 430 431)
(1 0 464 484 476 483)
(brace 0 464 476 464 476)
(brace 9 482 484 483 484)
(1 0 485 506 497 505)
(brace 0 485 497 485 497)
(brace 9 504 506 505 506)
(1 0 507 527 519 526)
(brace 0 507 519 507 519)
(brace 9 525 527 526 527)
(1 0 528 549 540 548)
(brace 0 528 540 528 540)
(brace 9 547 549 548 549)
(comment 0 551 552 551 552)
(brace 8 586 588 587 588)
(brace 9 589 591 590 591)
(brace 8 604 606 605 606)
(brace 9 609 611 610 611)
(brace 8 610 612 611 612)
(brace 9 615 617 616 617)
(brace 8 616 618 617 618)
(brace 9 621 623 622 623)
(brace 8 622 624 623 624)
(brace 9 627 629 628 629)
(brace 8 628 630 629 630)
(brace 9 633 635 634 635)
(brace 8 634 636 635 636)
(brace 9 638 640 639 640)
(brace 8 639 641 640 641)
(brace 9 643 645 644 645)
(brace 8 644 646 645 646)
(brace 9 649 651 650 651)
(comment 0 653 654 653 654)
(brace 8 681 683 682 683)
(brace 9 694 696 695 696)
(brace 8 706 708 707 708)
(brace 9 718 720 719 720)
(brace 8 730 732 731 732)
(brace 9 743 745 744 745)
(brace 8 755 757 756 757)
(brace 9 769 771 770 771)
(newcommand 0 772 802 784 801)
(brace 8 782 784 783 784)
(brace 9 800 802 801 802)
(brace 8 807 809 808 809)
(comment 0 809 810 809 810)
(brace 8 829 831 830 831)
(brace 9 841 843 842 843)
(brace 8 842 844 843 844)
(brace 9 845 847 846 847)
(comment 0 847 848 847 848)
(brace 8 867 869 868 869)
(brace 9 880 882 881 882)
(brace 8 881 883 882 883)
(brace 9 884 886 885 886)
(comment 0 886 887 886 887)
(brace 8 906 908 907 908)
(brace 9 919 921 920 921)
(brace 8 920 922 921 922)
(brace 9 923 925 924 925)
(comment 0 925 926 925 926)
(brace 8 945 947 946 947)
(brace 8 952 954 953 954)
(brace 9 965 967 966 967)
(brace 9 970 972 971 972)
(brace 8 988 990 989 990)
(brace 8 999 1001 1000 1001)
(brace 9 1013 1015 1014 1015)
(brace 8 1014 1016 1015 1016)
(brace 9 1018 1020 1019 1020)
(brace 9 1019 1021 1020 1021)
(brace 8 1020 1022 1021 1022)
(brace 9 1021 1023 1022 1023)
(comment 0 1023 1024 1023 1024)
(brace 8 1043 1045 1044 1045)
(brace 8 1050 1052 1051 1052)
(brace 9 1063 1065 1064 1065)
(brace 9 1068 1070 1069 1070)
(brace 8 1086 1088 1087 1088)
(brace 8 1097 1099 1098 1099)
(brace 9 1111 1113 1112 1113)
(brace 8 1112 1114 1113 1114)
(brace 9 1129 1131 1130 1131)
(brace 9 1130 1132 1131 1132)
(brace 8 1131 1133 1132 1133)
(brace 9 1132 1134 1133 1134)
(comment 0 1134 1135 1134 1135)
(brace 8 1154 1156 1155 1156)
(brace 8 1161 1163 1162 1163)
(brace 9 1174 1176 1175 1176)
(brace 9 1179 1181 1180 1181)
(brace 8 1197 1199 1198 1199)
(brace 8 1208 1210 1209 1210)
(brace 9 1222 1224 1223 1224)
(brace 8 1223 1225 1224 1225)
(brace 9 1238 1240 1239 1240)
(brace 9 1239 1241 1240 1241)
(brace 8 1240 1242 1241 1242)
(brace 9 1241 1243 1242 1243)
(comment 0 1243 1244 1243 1244)
(brace 8 1263 1265 1264 1265)
(brace 8 1270 1272 1271 1272)
(brace 9 1283 1285 1284 1285)
(brace 9 1288 1290 1289 1290)
(brace 8 1306 1308 1307 1308)
(brace 8 1317 1319 1318 1319)
(brace 9 1331 1333 1332 1333)
(brace 8 1332 1334 1333 1334)
(brace 9 1347 1349 1348 1349)
(brace 9 1348 1350 1349 1350)
(brace 8 1349 1351 1350 1351)
(brace 9 1350 1352 1351 1352)
(comment 0 1352 1353 1352 1353)
(brace 8 1372 1374 1373 1374)
(brace 8 1379 1381 1380 1381)
(brace 9 1392 1394 1393 1394)
(brace 9 1397 1399 1398 1399)
(brace 8 1415 1417 1416 1417)
(brace 8 1426 1428 1427 1428)
(brace 9 1440 1442 1441 1442)
(brace 8 1441 1443 1442 1443)
(brace 9 1445 1447 1446 1447)
(brace 9 1446 1448 1447 1448)
(brace 8 1447 1449 1448 1449)
(brace 9 1448 1450 1449 1450)
(comment 0 1450 1451 1450 1451)
(comment 0 1468 1469 1468 1469)
(comment 0 1537 1538 1537 1538)
(comment 0 1596 1597 1596 1597)
(comment 0 1675 1676 1675 1676)
(comment 0 1693 1694 1693 1694)
(comment 0 1730 1731 1730 1731)
(comment 0 1748 1749 1748 1749)
(comment 0 1827 1828 1827 1828)
(brace 8 1853 1855 1854 1855)
(brace 9 1854 1856 1855 1856)
(comment 0 1877 1878 1877 1878)
(comment 0 1895 1896 1895 1896)
(comment 0 1964 1965 1964 1965)
(comment 0 2006 2007 2006 2007)
(brace 9 2011 2013 2012 2013)
(newcommand 0 2014 2035 2026 2034)
(brace 8 2024 2026 2025 2026)
(brace 9 2033 2035 2034 2035)
(brace 8 2040 2042 2041 2042)
(brace 8 2062 2064 2063 2064)
(brace 9 2063 2065 2064 2065)
(brace 8 2064 2066 2065 2066)
(brace 9 2067 2069 2068 2069)
(brace 8 2068 2070 2069 2070)
(brace 9 2069 2071 2070 2071)
(brace 9 2070 2072 2071 2072)
(newcommand 0 2073 2098 2085 2097)
(brace 8 2083 2085 2084 2085)
(brace 9 2096 2098 2097 2098)
(brace 8 2103 2105 2104 2105)
(brace 8 2125 2127 2126 2127)
(brace 9 2128 2130 2129 2130)
(brace 8 2129 2131 2130 2131)
(brace 9 2132 2134 2133 2134)
(brace 8 2133 2135 2134 2135)
(brace 9 2134 2136 2135 2136)
(brace 9 2135 2137 2136 2137)
(newcommand 0 2138 2164 2150 2163)
(brace 8 2148 2150 2149 2150)
(brace 9 2162 2164 2163 2164)
(brace 8 2169 2171 2170 2171)
(brace 8 2191 2193 2192 2193)
(brace 9 2192 2194 2193 2194)
(brace 8 2193 2195 2194 2195)
(brace 9 2196 2198 2197 2198)
(brace 8 2197 2199 2198 2199)
(brace 9 2200 2202 2201 2202)
(brace 9 2201 2203 2202 2203)
(newcommand 0 2204 2234 2216 2233)
(brace 8 2214 2216 2215 2216)
(brace 9 2232 2234 2233 2234)
(brace 8 2239 2241 2240 2241)
(brace 8 2261 2263 2262 2263)
(brace 9 2264 2266 2265 2266)
(brace 8 2265 2267 2266 2267)
(brace 8 2271 2273 2272 2273)
(brace 9 2274 2276 2275 2276)
(brace 9 2275 2277 2276 2277)
(brace 8 2276 2278 2277 2278)
(brace 9 2279 2281 2280 2281)
(brace 9 2280 2282 2281 2282)
(newcommand 0 2284 2304 2296 2303)
(brace 8 2294 2296 2295 2296)
(brace 9 2302 2304 2303 2304)
(brace 8 2306 2308 2307 2308)
(brace 8 2321 2323 2322 2323)
(brace 8 2329 2331 2330 2331)
(brace 9 2332 2334 2333 2334)
(brace 8 2333 2335 2334 2335)
(brace 9 2335 2337 2336 2337)
(brace 9 2337 2339 2338 2339)
(brace 8 2338 2340 2339 2340)
(brace 9 2340 2342 2341 2342)
(brace 8 2341 2343 2342 2343)
(brace 8 2356 2358 2357 2358)
(brace 8 2364 2366 2365 2366)
(brace 9 2367 2369 2368 2369)
(brace 8 2368 2370 2369 2370)
(brace 9 2370 2372 2371 2372)
(brace 9 2372 2374 2373 2374)
(brace 8 2373 2375 2374 2375)
(brace 9 2376 2378 2377 2378)
(brace 8 2377 2379 2378 2379)
(brace 8 2392 2394 2393 2394)
(brace 8 2400 2402 2401 2402)
(brace 9 2403 2405 2404 2405)
(brace 8 2404 2406 2405 2406)
(brace 9 2406 2408 2407 2408)
(brace 9 2408 2410 2409 2410)
(brace 8 2409 2411 2410 2411)
(brace 9 2413 2415 2414 2415)
(brace 8 2414 2416 2415 2416)
(brace 8 2429 2431 2430 2431)
(brace 8 2437 2439 2438 2439)
(brace 9 2440 2442 2441 2442)
(brace 8 2441 2443 2442 2443)
(brace 9 2443 2445 2444 2445)
(brace 9 2445 2447 2446 2447)
(brace 8 2446 2448 2447 2448)
(brace 9 2449 2451 2450 2451)
(brace 8 2450 2452 2451 2452)
(brace 8 2465 2467 2466 2467)
(brace 8 2473 2475 2474 2475)
(brace 9 2476 2478 2477 2478)
(brace 8 2477 2479 2478 2479)
(brace 9 2479 2481 2480 2481)
(brace 9 2481 2483 2482 2483)
(brace 8 2482 2484 2483 2484)
(brace 9 2484 2486 2485 2486)
(brace 8 2485 2487 2486 2487)
(brace 8 2500 2502 2501 2502)
(brace 8 2508 2510 2509 2510)
(brace 9 2511 2513 2512 2513)
(brace 8 2512 2514 2513 2514)
(brace 9 2514 2516 2515 2516)
(brace 9 2516 2518 2517 2518)
(brace 8 2517 2519 2518 2519)
(brace 9 2520 2522 2521 2522)
(brace 8 2521 2523 2522 2523)
(brace 8 2536 2538 2537 2538)
(brace 8 2544 2546 2545 2546)
(brace 9 2547 2549 2548 2549)
(brace 8 2548 2550 2549 2550)
(brace 9 2550 2552 2551 2552)
(brace 9 2552 2554 2553 2554)
(brace 8 2553 2555 2554 2555)
(brace 9 2557 2559 2558 2559)
(brace 8 2558 2560 2559 2560)
(brace 8 2573 2575 2574 2575)
(brace 8 2581 2583 2582 2583)
(brace 9 2584 2586 2585 2586)
(brace 8 2585 2587 2586 2587)
(brace 9 2587 2589 2588 2589)
(brace 9 2589 2591 2590 2591)
(brace 8 2590 2592 2591 2592)
(brace 9 2595 2597 2596 2597)
(brace 8 2596 2598 2597 2598)
(brace 8 2611 2613 2612 2613)
(brace 8 2619 2621 2620 2621)
(brace 9 2622 2624 2623 2624)
(brace 8 2623 2625 2624 2625)
(brace 9 2625 2627 2626 2627)
(brace 9 2627 2629 2628 2629)
(brace 8 2628 2630 2629 2630)
(brace 9 2631 2633 2632 2633)
(brace 8 2632 2634 2633 2634)
(brace 8 2647 2649 2648 2649)
(brace 8 2655 2657 2656 2657)
(brace 9 2658 2660 2659 2660)
(brace 8 2659 2661 2660 2661)
(brace 9 2662 2664 2663 2664)
(brace 9 2664 2666 2665 2666)
(brace 8 2665 2667 2666 2667)
(brace 9 2667 2669 2668 2669)
(brace 8 2668 2670 2669 2670)
(brace 8 2683 2685 2684 2685)
(brace 8 2691 2693 2692 2693)
(brace 9 2694 2696 2695 2696)
(brace 8 2695 2697 2696 2697)
(brace 9 2698 2700 2699 2700)
(brace 9 2700 2702 2701 2702)
(brace 8 2701 2703 2702 2703)
(brace 9 2704 2706 2705 2706)
(brace 8 2705 2707 2706 2707)
(brace 8 2720 2722 2721 2722)
(brace 8 2728 2730 2729 2730)
(brace 9 2731 2733 2732 2733)
(brace 8 2732 2734 2733 2734)
(brace 9 2735 2737 2736 2737)
(brace 9 2737 2739 2738 2739)
(brace 8 2738 2740 2739 2740)
(brace 9 2742 2744 2743 2744)
(brace 8 2743 2745 2744 2745)
(brace 8 2758 2760 2759 2760)
(brace 8 2766 2768 2767 2768)
(brace 9 2769 2771 2770 2771)
(brace 8 2770 2772 2771 2772)
(brace 9 2773 2775 2774 2775)
(brace 9 2775 2777 2776 2777)
(brace 8 2776 2778 2777 2778)
(brace 9 2781 2783 2782 2783)
(brace 8 2782 2784 2783 2784)
(brace 8 2797 2799 2798 2799)
(brace 8 2805 2807 2806 2807)
(brace 9 2808 2810 2809 2810)
(brace 8 2809 2811 2810 2811)
(brace 9 2812 2814 2813 2814)
(brace 9 2814 2816 2815 2816)
(brace 8 2815 2817 2816 2817)
(brace 9 2819 2821 2820 2821)
(brace 8 2820 2822 2821 2822)
(brace 8 2835 2837 2836 2837)
(brace 8 2843 2845 2844 2845)
(brace 9 2846 2848 2847 2848)
(brace 8 2847 2849 2848 2849)
(brace 9 2850 2852 2851 2852)
(brace 9 2852 2854 2853 2854)
(brace 8 2853 2855 2854 2855)
(brace 9 2856 2858 2857 2858)
(brace 8 2857 2859 2858 2859)
(brace 8 2872 2874 2873 2874)
(brace 8 2880 2882 2881 2882)
(brace 9 2883 2885 2884 2885)
(brace 8 2884 2886 2885 2886)
(brace 9 2887 2889 2888 2889)
(brace 9 2889 2891 2890 2891)
(brace 8 2890 2892 2891 2892)
(brace 9 2894 2896 2895 2896)
(brace 8 2895 2897 2896 2897)
(brace 8 2910 2912 2911 2912)
(brace 8 2918 2920 2919 2920)
(brace 9 2921 2923 2922 2923)
(brace 8 2922 2924 2923 2924)
(brace 9 2925 2927 2926 2927)
(brace 9 2927 2929 2928 2929)
(brace 8 2928 2930 2929 2930)
(brace 9 2933 2935 2934 2935)
(brace 8 2934 2936 2935 2936)
(brace 8 2949 2951 2950 2951)
(brace 8 2957 2959 2958 2959)
(brace 9 2960 2962 2961 2962)
(brace 8 2961 2963 2962 2963)
(brace 9 2964 2966 2965 2966)
(brace 9 2966 2968 2967 2968)
(brace 8 2967 2969 2968 2969)
(brace 9 2973 2975 2974 2975)
(brace 8 2974 2976 2975 2976)
(brace 9 3015 3017 3016 3017)
(brace 9 3017 3019 3018 3019)
(brace 9 3019 3021 3020 3021)
(brace 9 3021 3023 3022 3023)
(brace 9 3023 3025 3024 3025)
(brace 9 3025 3027 3026 3027)
(brace 9 3027 3029 3028 3029)
(brace 9 3029 3031 3030 3031)
(brace 9 3031 3033 3032 3033)
(brace 9 3033 3035 3034 3035)
(brace 9 3035 3037 3036 3037)
(brace 9 3037 3039 3038 3039)
(brace 9 3039 3041 3040 3041)
(brace 9 3041 3043 3042 3043)
(brace 9 3043 3045 3044 3045)
(brace 9 3045 3047 3046 3047)
(brace 9 3047 3049 3048 3049)
(brace 9 3049 3051 3050 3051)
(brace 9 3052 3053 3052 3053)
(brace 8 3065 3067 3066 3067)
(brace 9 3075 3077 3076 3077)
(newenvironment 0 3078 3097 3094 3096)
(brace 8 3092 3094 3093 3094)
(brace 9 3095 3097 3096 3097)
(brace 8 3099 3101 3100 3101)
(environment 2 3103 3115 3103 3115)
(brace 3 3103 3110 3103 3110)
(brace 9 3113 3115 3114 3115)
(brace 8 3114 3116 3115 3116)
(inline-math 0 3117 3118 3117 3118)
(brace 8 3124 3126 3125 3126)
(brace 9 3138 3140 3139 3140)
(inline-math 0 3140 3141 3140 3141)
(brace 9 3141 3143 3142 3143)
(brace 8 3142 3144 3143 3144)
(brace 8 3157 3159 3158 3159)
(brace 9 3167 3169 3168 3169)
(brace 8 3268 3270 3269 3270)
(brace 9 3280 3282 3281 3282)
(brace 8 3281 3283 3282 3283)
(brace 9 3286 3288 3287 3288)
(comment 0 3317 3318 3317 3318)
(brace 8 3329 3331 3330 3331)
(brace 9 3341 3343 3342 3343)
(brace 8 3342 3344 3343 3344)
(brace 9 3352 3354 3353 3354)
(brace 9 3355 3357 3356 3357)
(brace 8 3356 3358 3357 3358)
(environment 3 3357 3368 3357 3368)
(brace 4 3357 3363 3358 3363)
(brace 9 3366 3368 3367 3368)
(brace 9 3369 3370 3369 3370)
(comment 0 3373 3374 3373 3374)
(newcommand 0 3416 3433 3428 3432)
(brace 8 3426 3428 3427 3428)
(brace 9 3431 3433 3432 3433)
(brace 8 3432 3434 3433 3434)
(brace 8 3442 3444 3443 3444)
(brace 9 3444 3446 3445 3446)
(brace 9 3445 3447 3446 3447)
(newcommand 0 3448 3465 3460 3464)
(brace 8 3458 3460 3459 3460)
(brace 9 3463 3465 3464 3465)
(brace 8 3464 3466 3465 3466)
(brace 8 3474 3476 3475 3476)
(brace 9 3476 3478 3477 3478)
(brace 9 3477 3479 3478 3479)
(newcommand 0 3480 3496 3492 3495)
(brace 8 3490 3492 3491 3492)
(brace 9 3494 3496 3495 3496)
(brace 8 3495 3497 3496 3497)
(brace 8 3503 3505 3504 3505)
(brace 9 3505 3507 3506 3507)
(brace 9 3506 3508 3507 3508)
(newcommand 0 3509 3525 3521 3524)
(brace 8 3519 3521 3520 3521)
(brace 9 3523 3525 3524 3525)
(brace 8 3524 3526 3525 3526)
(brace 8 3532 3534 3533 3534)
(brace 9 3534 3536 3535 3536)
(brace 9 3535 3537 3536 3537)
(newcommand 0 3538 3554 3550 3553)
(brace 8 3548 3550 3549 3550)
(brace 9 3552 3554 3553 3554)
(brace 8 3553 3555 3554 3555)
(brace 9 3560 3562 3561 3562)
(newcommand 0 3563 3580 3575 3579)
(brace 8 3573 3575 3574 3575)
(brace 9 3578 3580 3579 3580)
(brace 8 3582 3584 3583 3584)
(brace 8 3583 3585 3584 3585)
(brace 8 3595 3597 3596 3597)
(brace 8 3603 3605 3604 3605)
(brace 9 3606 3608 3607 3608)
(brace 9 3607 3609 3608 3609)
(brace 9 3608 3610 3609 3610)
(brace 9 3609 3611 3610 3611)
(newcommand 0 3612 3631 3624 3630)
(brace 8 3622 3624 3623 3624)
(brace 9 3629 3631 3630 3631)
(brace 8 3630 3632 3631 3632)
(brace 8 3643 3645 3644 3645)
(brace 9 3649 3651 3650 3651)
(brace 8 3650 3652 3651 3652)
(brace 9 3657 3659 3658 3659)
(brace 9 3658 3660 3659 3660)
(newcommand 0 3661 3684 3673 3683)
(brace 8 3671 3673 3672 3673)
(brace 9 3682 3684 3683 3684)
(brace 8 3686 3688 3687 3688)
(brace 8 3698 3700 3699 3700)
(brace 9 3716 3718 3717 3718)
(brace 9 3717 3719 3718 3719)
(newcommand 0 3720 3737 3732 3736)
(brace 8 3730 3732 3731 3732)
(brace 9 3735 3737 3736 3737)
(brace 8 3739 3741 3740 3741)
(brace 8 3751 3753 3752 3753)
(brace 8 3762 3764 3763 3764)
(brace 9 3765 3767 3766 3767)
(brace 9 3766 3768 3767 3768)
(brace 9 3767 3769 3768 3769)
(comment 0 3776 3777 3776 3777)
(newcommand 0 3787 3803 3799 3802)
(brace 8 3797 3799 3798 3799)
(brace 9 3801 3803 3802 3803)
(brace 8 3802 3804 3803 3804)
(brace 9 3816 3818 3817 3818)
(newcommand 0 3821 3839 3834 3838)
(brace 8 3832 3834 3833 3834)
(brace 9 3837 3839 3838 3839)
(brace 8 3838 3840 3839 3840)
(brace 8 3853 3855 3854 3855)
(brace 9 3854 3856 3855 3856)
(brace 8 3864 3866 3865 3866)
(brace 9 3865 3867 3866 3867)
(brace 8 3873 3875 3874 3875)
(brace 9 3875 3877 3876 3877)
(brace 9 3880 3882 3881 3882)
(comment 0 3884 3885 3884 3885)
(brace 8 3949 3951 3950 3951)
(brace 9 3960 3962 3961 3962)
(comment 0 3962 3963 3962 3963)
(brace 8 3971 3973 3972 3973)
(brace 8 3996 3998 3997 3998)
(brace 9 4005 4007 4006 4007)
(brace 9 4006 4008 4007 4008)
(brace 8 4021 4023 4022 4023)
(brace 9 4031 4033 4032 4033)
(brace 8 4032 4034 4033 4034)
(brace 9 4043 4045 4044 4045)
(comment 0 4061 4062 4061 4062)
(comment 0 4062 4063 4062 4063)
(comment 0 4063 4064 4063 4064)
(comment 0 4064 4065 4064 4065)
(comment 0 4065 4066 4065 4066)
(newcommand 0 4087 4108 4099 4107)
(brace 8 4097 4099 4098 4099)
(brace 9 4106 4108 4107 4108)
(brace 8 4107 4109 4108 4109)
(brace 9 4120 4122 4121 4122)
(brace 8 4133 4135 4134 4135)
(brace 9 4138 4140 4139 4140)
(brace 8 4153 4155 4154 4155)
(brace 9 4162 4164 4163 4164)
(brace 8 4163 4165 4164 4165)
(brace 8 4171 4173 4172 4173)
(brace 9 4176 4178 4177 4178)
(brace 9 4177 4179 4178 4179)
(newenvironment 0 4181 4201 4197 4200)
(brace 8 4195 4197 4196 4197)
(brace 9 4199 4201 4200 4201)
(brace 8 4211 4212 4211 4212)
(brace 8 4229 4231 4230 4231)
(brace 9 4234 4236 4235 4236)
(brace 8 4249 4251 4250 4251)
(brace 8 4257 4259 4258 4259)
(brace 9 4260 4262 4261 4262)
(brace 8 4261 4263 4262 4263)
(brace 9 4266 4268 4267 4268)
(brace 9 4268 4270 4269 4270)
(brace 8 4269 4271 4270 4271)
(brace 8 4284 4286 4285 4286)
(brace 9 4311 4313 4312 4313)
(brace 9 4315 4317 4316 4317)
(brace 8 4316 4318 4317 4318)
(brace 8 4331 4333 4332 4333)
(brace 8 4358 4360 4359 4360)
(brace 9 4359 4361 4360 4361)
(brace 9 4373 4375 4374 4375)
(brace 9 4377 4379 4378 4379)
(comment 0 4380 4381 4380 4381)
(comment 0 4390 4391 4390 4391)
(brace 9 4399 4400 4399 4400)
(brace 9 4401 4403 4402 4403)
(brace 8 4401 4402 4401 4402)
(brace 8 4415 4417 4416 4417)
(brace 9 4426 4428 4427 4428)
(newenvironment 0 4429 4455 4445 4454)
(brace 8 4443 4445 4444 4445)
(brace 9 4453 4455 4454 4455)
(brace 8 4454 4456 4455 4456)
(environment 2 4457 4469 4457 4469)
(brace 3 4457 4464 4457 4464)
(brace 9 4467 4469 4468 4469)
(brace 8 4468 4470 4469 4470)
(brace 8 4469 4471 4470 4471)
(brace 8 4483 4485 4484 4485)
(brace 9 4494 4496 4495 4496)
(brace 9 4496 4498 4497 4498)
(brace 9 4497 4499 4498 4499)
(brace 8 4498 4500 4499 4500)
(brace 8 4513 4515 4514 4515)
(brace 9 4524 4526 4525 4526)
(brace 8 4607 4609 4608 4609)
(brace 9 4619 4621 4620 4621)
(brace 8 4620 4622 4621 4622)
(brace 8 4621 4623 4622 4623)
(brace 9 4633 4635 4634 4635)
(brace 9 4634 4636 4635 4636)
(brace 8 4692 4694 4693 4694)
(brace 9 4704 4706 4705 4706)
(brace 8 4705 4707 4706 4707)
(brace 9 4715 4717 4716 4717)
(brace 9 4718 4720 4719 4720)
(brace 8 4719 4721 4720 4721)
(environment 3 4720 4731 4720 4731)
(brace 4 4720 4726 4721 4726)
(brace 9 4729 4731 4730 4731)
(brace 9 4731 4733 4732 4733)
(newcommand 0 4735 4757 4747 4756)
(brace 8 4745 4747 4746 4747)
(brace 9 4755 4757 4756 4757)
(brace 8 4759 4761 4760 4761)
(brace 9 4760 4762 4761 4762)
(comment 0 4764 4765 4764 4765)
(comment 0 4765 4766 4765 4766)
(comment 0 4766 4767 4766 4767)
(comment 0 4767 4768 4767 4768)
(comment 0 4768 4769 4768 4769)
(comment 0 4769 4770 4769 4770)
(comment 0 4770 4771 4770 4771)
(comment 0 4771 4772 4771 4772)
(comment 0 4772 4773 4772 4773)
(comment 0 4773 4774 4773 4774)
(comment 0 4774 4775 4774 4775)
(comment 0 4775 4776 4775 4776)
(comment 0 4776 4777 4776 4777)
(comment 0 4777 4778 4777 4778)
(comment 0 4778 4779 4778 4779)
(comment 0 4779 4780 4779 4780)
(comment 0 4780 4781 4780 4781)
(comment 0 4781 4782 4781 4782)
(comment 0 4782 4783 4782 4783)
(comment 0 4783 4784 4783 4784)
(comment 0 4784 4785 4784 4785)
(comment 0 4785 4786 4785 4786)
(comment 0 4786 4787 4786 4787)
(comment 0 4787 4788 4787 4788)
(comment 0 4788 4789 4788 4789)
(comment 0 4789 4790 4789 4790)
(comment 0 4790 4791 4790 4791)
(comment 0 4791 4792 4791 4792)
(comment 0 4792 4793 4792 4793)
(comment 0 4793 4794 4793 4794)
(comment 0 4794 4795 4794 4795)
(comment 0 4795 4796 4795 4796)
(comment 0 4796 4797 4796 4797)
(comment 0 4797 4798 4797 4798)
(comment 0 4798 4799 4798 4799)
(comment 0 4799 4800 4799 4800)
(comment 0 4800 4801 4800 4801)
(comment 0 4801 4802 4801 4802)
(comment 0 4802 4803 4802 4803)
(comment 0 4803 4804 4803 4804)
(comment 0 4804 4805 4804 4805)
(newcommand 0 4806 4834 4818 4833)
(brace 8 4816 4818 4817 4818)
(brace 9 4832 4834 4833 4834)
(brace 8 4833 4835 4834 4835)
(brace 8 4841 4843 4842 4843)
(brace 9 4845 4847 4846 4847)
(brace 9 4846 4848 4847 4848)
(newcommand 0 4849 4876 4861 4875)
(brace 8 4859 4861 4860 4861)
(brace 9 4874 4876 4875 4876)
(brace 8 4875 4877 4876 4877)
(brace 8 4883 4885 4884 4885)
(brace 9 4887 4889 4888 4889)
(brace 9 4888 4890 4889 4890)
(newcommand 0 4891 4913 4903 4912)
(brace 8 4901 4903 4902 4903)
(brace 9 4911 4913 4912 4913)
(brace 8 4912 4914 4913 4914)
(brace 9 4913 4915 4914 4915)
(newcommand 0 4918 4949 4930 4948)
(brace 8 4928 4930 4929 4930)
(brace 9 4947 4949 4948 4949)
(comment 0 4954 4955 4954 4955)
(brace 8 5005 5006 5005 5006)
(brace 8 5019 5021 5020 5021)
(brace 8 5027 5029 5028 5029)
(brace 9 5030 5032 5031 5032)
(brace 8 5031 5033 5032 5033)
(brace 9 5036 5038 5037 5038)
(brace 9 5038 5040 5039 5040)
(brace 8 5039 5041 5040 5041)
(brace 8 5071 5073 5072 5073)
(brace 9 5084 5086 5085 5086)
(brace 9 5088 5090 5089 5090)
(brace 8 5089 5091 5090 5091)
(brace 8 5121 5123 5122 5123)
(brace 9 5147 5149 5148 5149)
(brace 9 5151 5153 5152 5153)
(brace 9 5154 5155 5154 5155)
(comment 0 5157 5158 5157 5158)
(comment 0 5193 5194 5193 5194)
(comment 0 5202 5203 5202 5203)
(newenvironment 0 5238 5261 5254 5260)
(brace 8 5252 5254 5253 5254)
(brace 9 5259 5261 5260 5261)
(brace 8 5271 5272 5271 5272)
(brace 8 5290 5292 5291 5292)
(brace 9 5297 5299 5298 5299)
(brace 8 5298 5300 5299 5300)
(brace 9 5301 5303 5302 5303)
(brace 9 5303 5305 5304 5305)
(brace 8 5306 5307 5306 5307)
(brace 9 5329 5331 5330 5331)
(newcommand 0 5334 5356 5346 5355)
(brace 8 5344 5346 5345 5346)
(brace 9 5354 5356 5355 5356)
(brace 8 5358 5360 5359 5360)
(comment 0 5360 5361 5360 5361)
(brace 8 5380 5382 5381 5382)
(environment 2 5428 5442 5428 5442)
(brace 3 5428 5436 5429 5436)
(brace 9 5440 5442 5441 5442)
(brace 8 5441 5443 5442 5443)
(brace 8 5444 5446 5445 5446)
(brace 9 5447 5449 5448 5449)
(brace 8 5450 5452 5451 5452)
(brace 9 5453 5455 5454 5455)
(brace 9 5455 5457 5456 5457)
(environment 3 5544 5556 5544 5556)
(brace 4 5544 5550 5545 5550)
(brace 9 5554 5556 5555 5556)
(brace 9 5581 5583 5582 5583)
(brace 9 5582 5584 5583 5584)
(newcommand 0 5585 5601 5597 5600)
(brace 8 5595 5597 5596 5597)
(brace 9 5599 5601 5600 5601)
(brace 8 5600 5602 5601 5602)
(brace 9 5608 5610 5609 5610)
(newcommand 0 5611 5629 5623 5628)
(brace 8 5621 5623 5622 5623)
(brace 9 5627 5629 5628 5629)
(brace 8 5631 5633 5632 5633)
(brace 8 5640 5642 5641 5642)
(brace 9 5642 5644 5643 5644)
(brace 8 5644 5646 5645 5646)
(brace 9 5647 5649 5648 5649)
(brace 9 5648 5650 5649 5650)
(newcommand 0 5651 5667 5663 5666)
(brace 8 5661 5663 5662 5663)
(brace 9 5665 5667 5666 5667)
(brace 8 5666 5668 5667 5668)
(brace 8 5674 5676 5675 5676)
(brace 9 5676 5678 5677 5678)
(brace 9 5677 5679 5678 5679)
(newcommand 0 5680 5696 5692 5695)
(brace 8 5690 5692 5691 5692)
(brace 9 5694 5696 5695 5696)
(brace 8 5695 5697 5696 5697)
(brace 8 5703 5705 5704 5705)
(brace 9 5705 5707 5706 5707)
(brace 9 5706 5708 5707 5708)
(newcommand 0 5709 5725 5721 5724)
(brace 8 5719 5721 5720 5721)
(brace 9 5723 5725 5724 5725)
(brace 8 5724 5726 5725 5726)
(brace 8 5732 5734 5733 5734)
(brace 9 5734 5736 5735 5736)
(brace 9 5735 5737 5736 5737)
(newenvironment 0 5739 5760 5755 5759)
(brace 8 5753 5755 5754 5755)
(brace 9 5758 5760 5759 5760)
(comment 0 5766 5767 5766 5767)
(brace 8 5771 5773 5772 5773)
(brace 8 5783 5785 5784 5785)
(environment 2 5808 5822 5808 5822)
(brace 3 5808 5816 5809 5816)
(brace 9 5820 5822 5821 5822)
(brace 8 5821 5823 5822 5823)
(brace 8 5825 5827 5826 5827)
(brace 9 5831 5833 5832 5833)
(brace 9 5833 5835 5834 5835)
(brace 9 5834 5836 5835 5836)
(brace 9 5835 5837 5836 5837)
(comment 0 5837 5838 5837 5838)
(brace 8 5842 5844 5843 5844)
(environment 3 5843 5855 5843 5855)
(brace 4 5843 5849 5844 5849)
(brace 9 5853 5855 5854 5855)
(brace 9 5861 5863 5862 5863)
(newcommand 0 5865 5880 5877 5879)
(brace 8 5875 5877 5876 5877)
(brace 9 5878 5880 5879 5880)
(brace 8 5882 5884 5883 5884)
(brace 8 5883 5885 5884 5885)
(brace 8 5895 5897 5896 5897)
(comment 0 5908 5909 5908 5909)
(brace 8 5913 5915 5914 5915)
(brace 8 5920 5922 5921 5922)
(brace 9 5923 5925 5924 5925)
(brace 8 5924 5926 5925 5926)
(brace 9 5927 5929 5928 5929)
(brace 9 5928 5930 5929 5930)
(brace 8 5938 5940 5939 5940)
(brace 8 5945 5947 5946 5947)
(brace 9 5948 5950 5949 5950)
(brace 8 5949 5951 5950 5951)
(brace 9 5952 5954 5953 5954)
(brace 9 5953 5955 5954 5955)
(brace 8 5959 5961 5960 5961)
(brace 8 5965 5967 5966 5967)
(brace 9 5968 5970 5969 5970)
(brace 8 5969 5971 5970 5971)
(brace 9 5972 5974 5973 5974)
(brace 9 5973 5975 5974 5975)
(brace 8 5979 5981 5980 5981)
(brace 8 5985 5987 5986 5987)
(brace 9 5988 5990 5989 5990)
(brace 8 5989 5991 5990 5991)
(brace 9 5992 5994 5993 5994)
(brace 9 5993 5995 5994 5995)
(brace 9 5999 6001 6000 6001)
(brace 9 6000 6002 6001 6002)
(brace 9 6001 6003 6002 6003)
(brace 8 6016 6018 6017 6018)
(brace 9 6020 6022 6021 6022)
(brace 8 6021 6023 6022 6023)
(brace 9 6031 6033 6032 6033)
(newcommand 0 6034 6050 6046 6049)
(brace 8 6044 6046 6045 6046)
(brace 9 6048 6050 6049 6050)
(brace 8 6049 6051 6050 6051)
(brace 9 6061 6063 6062 6063)
(newcommand 0 6064 6083 6077 6082)
(comment 0 6064 6065 6064 6065)
(brace 8 6075 6077 6076 6077)
(brace 9 6081 6083 6082 6083)
(brace 8 6085 6087 6086 6087)
(brace 8 6086 6088 6087 6088)
(brace 9 6102 6104 6103 6104)
(brace 9 6103 6105 6104 6105)
(newcommand 0 6106 6124 6118 6123)
(brace 8 6116 6118 6117 6118)
(brace 9 6122 6124 6123 6124)
(brace 8 6126 6128 6127 6128)
(brace 8 6138 6140 6139 6140)
(brace 9 6163 6165 6164 6165)
(brace 9 6164 6166 6165 6166)
(newcommand 0 6167 6185 6179 6184)
(brace 8 6177 6179 6178 6179)
(brace 9 6183 6185 6184 6185)
(brace 8 6187 6189 6188 6189)
(brace 8 6199 6201 6200 6201)
(brace 8 6207 6209 6208 6209)
(brace 9 6211 6213 6212 6213)
(brace 8 6213 6215 6214 6215)
(brace 9 6216 6218 6217 6218)
(brace 8 6218 6220 6219 6220)
(brace 9 6221 6223 6222 6223)
(brace 9 6226 6228 6227 6228)
(brace 9 6227 6229 6228 6229)
(newcommand 0 6230 6247 6242 6246)
(brace 8 6240 6242 6241 6242)
(brace 9 6245 6247 6246 6247)
(brace 8 6249 6251 6250 6251)
(brace 8 6255 6257 6256 6257)
(brace 9 6258 6260 6259 6260)
(brace 8 6259 6261 6260 6261)
(brace 9 6260 6262 6261 6262)
(brace 8 6261 6263 6262 6263)
(brace 9 6264 6266 6265 6266)
(brace 9 6265 6267 6266 6267)
(newcommand 0 6268 6284 6280 6283)
(brace 8 6278 6280 6279 6280)
(brace 9 6282 6284 6283 6284)
(brace 8 6283 6285 6284 6285)
(brace 8 6295 6297 6296 6297)
(brace 8 6303 6305 6304 6305)
(brace 9 6306 6308 6307 6308)
(brace 9 6307 6309 6308 6309)
(brace 9 6308 6310 6309 6310)
(brace 8 6323 6325 6324 6325)
(brace 9 6326 6328 6327 6328)
(brace 8 6327 6329 6328 6329)
(brace 8 6339 6341 6340 6341)
(brace 8 6347 6349 6348 6349)
(brace 9 6349 6351 6350 6351)
(brace 9 6350 6352 6351 6352)
(brace 9 6351 6353 6352 6353)
(brace 8 6366 6368 6367 6368)
(brace 9 6371 6373 6372 6373)
(brace 8 6372 6374 6373 6374)
(brace 9 6382 6384 6383 6384)
(brace 8 6397 6399 6398 6399)
(brace 9 6402 6404 6403 6404)
(brace 8 6403 6405 6404 6405)
(brace 9 6413 6415 6414 6415)
(1 0 6418 6439 6430 6438)
(brace 0 6418 6430 6418 6430)
(brace 9 6437 6439 6438 6439)
(brace 8 6453 6455 6454 6455)
(brace 9 6461 6463 6462 6463)
(brace 8 6462 6464 6463 6464)
(brace 8 6474 6476 6475 6476)
(brace 9 6488 6490 6489 6490)
(brace 8 6489 6491 6490 6491)
(brace 8 6515 6517 6516 6517)
(brace 9 6520 6522 6521 6522)
(brace 9 6529 6531 6530 6531)
(brace 8 6530 6532 6531 6532)
(brace 8 6544 6546 6545 6546)
(brace 9 6549 6551 6550 6551)
(brace 8 6550 6552 6551 6552)
(brace 9 6553 6555 6554 6555)
(brace 8 6579 6581 6580 6581)
(brace 9 6584 6586 6585 6586)
(brace 9 6593 6595 6594 6595)
(brace 9 6594 6596 6595 6596)
(environment 2 6598 6614 6598 6614)
(preamble 1 6598 6614 6598 6614)
(brace 3 6598 6605 6598 6605)
(brace 9 6612 6614 6613 6614)
(comment 0 6618 6619 6618 6619)
(brace 8 6723 6725 6724 6725)
(brace 8 6724 6726 6725 6726)
(brace 9 6772 6774 6773 6774)
(brace 9 6773 6775 6774 6775)
(brace 8 6774 6776 6775 6776)
(brace 9 6775 6777 6776 6777)
(brace 8 6781 6783 6782 6783)
(brace 8 6782 6784 6783 6784)
(brace 9 6816 6818 6817 6818)
(brace 9 6817 6819 6818 6819)
(brace 8 6839 6841 6840 6841)
(brace 8 6840 6842 6841 6842)
(brace 9 6873 6875 6874 6875)
(brace 9 6874 6876 6875 6876)
(brace 8 6875 6877 6876 6877)
(brace 9 6876 6878 6877 6878)
(brace 8 6877 6879 6878 6879)
(brace 8 6878 6880 6879 6880)
(brace 9 6922 6924 6923 6924)
(brace 9 6923 6925 6924 6925)
(environment 2 6927 6941 6927 6941)
(brace 3 6927 6934 6927 6934)
(brace 9 6939 6941 6940 6941)
(brace 8 6946 6948 6947 6948)
(brace 9 6989 6991 6990 6991)
(environment 3 6992 7004 6992 7004)
(brace 4 6992 6997 6992 6997)
(brace 9 7002 7004 7003 7004)
(comment 0 7005 7006 7005 7006)
(comment 0 7101 7102 7101 7102)
(comment 0 7193 7194 7193 7194)
(environment 2 7298 7309 7298 7309)
(brace 3 7298 7305 7298 7305)
(brace 9 7307 7309 7308 7309)
(label 0 7308 7348 7316 7347)
(brace label 7308 7316 7309 7316)
(brace 9 7346 7348 7347 7348)
(environment 2 7349 7366 7349 7366)
(brace 3 7349 7356 7349 7356)
(brace 9 7364 7366 7365 7366)
(inline-math 0 7378 7379 7378 7379)
(brace 8 7388 7390 7389 7390)
(brace 9 7390 7392 7391 7392)
(brace 8 7417 7419 7418 7419)
(brace 9 7419 7421 7420 7421)
(inline-math 0 7422 7423 7422 7423)
(environment 0 7450 7470 7450 7470)
(brace 3 7450 7458 7451 7458)
(brace 9 7468 7470 7469 7470)
(environment 2 7487 7501 7487 7501)
(brace 3 7487 7495 7488 7495)
(brace 9 7499 7501 7500 7501)
(brace 8 7500 7502 7501 7502)
(brace 9 7503 7505 7504 7505)
(brace 8 7522 7524 7523 7524)
(brace 9 7533 7535 7534 7535)
(brace 8 7534 7536 7535 7536)
(brace 9 7544 7546 7545 7546)
(brace 8 7553 7555 7554 7555)
(brace 9 7557 7559 7558 7559)
(brace 8 7590 7592 7591 7592)
(brace 9 7594 7596 7595 7596)
(environment 3 7613 7625 7613 7625)
(brace 4 7613 7619 7614 7619)
(brace 9 7623 7625 7624 7625)
(environment 1 7634 7651 7634 7651)
(brace 4 7634 7639 7634 7639)
(brace 9 7649 7651 7650 7651)
(inline-math 0 7702 7703 7702 7703)
(brace 8 7707 7709 7708 7709)
(brace 8 7718 7720 7719 7720)
(brace 9 7720 7722 7721 7722)
(brace 9 7721 7723 7722 7723)
(brace 8 7722 7724 7723 7724)
(brace 8 7731 7733 7732 7733)
(brace 9 7733 7735 7734 7735)
(brace 8 7742 7744 7743 7744)
(brace 9 7744 7746 7745 7746)
(brace 9 7745 7747 7746 7747)
(inline-math 0 7752 7753 7752 7753)
(inline-math 0 7763 7764 7763 7764)
(brace 8 7768 7770 7769 7770)
(brace 8 7779 7781 7780 7781)
(brace 9 7781 7783 7782 7783)
(brace 9 7782 7784 7783 7784)
(brace 8 7783 7785 7784 7785)
(brace 8 7792 7794 7793 7794)
(brace 9 7794 7796 7795 7796)
(brace 8 7803 7805 7804 7805)
(brace 9 7805 7807 7806 7807)
(brace 9 7806 7808 7807 7808)
(inline-math 0 7813 7814 7813 7814)
(environment 3 7850 7866 7850 7866)
(brace 4 7850 7856 7851 7856)
(brace 9 7864 7866 7865 7866)
(environment 3 7868 7877 7868 7877)
(brace 4 7868 7873 7868 7873)
(brace 9 7875 7877 7876 7877)
(environment 2 7879 7890 7879 7890)
(brace 3 7879 7886 7879 7886)
(brace 9 7888 7890 7889 7890)
(label 0 7889 7920 7897 7919)
(brace label 7889 7897 7890 7897)
(brace 9 7918 7920 7919 7920)
(environment 2 7921 7938 7921 7938)
(brace 3 7921 7928 7921 7928)
(brace 9 7936 7938 7937 7938)
(inline-math 0 7953 7954 7953 7954)
(inline-math 0 7957 7958 7957 7958)
(inline-math 0 8003 8004 8003 8004)
(inline-math 0 8005 8006 8005 8006)
(inline-math 0 8020 8021 8020 8021)
(inline-math 0 8022 8023 8022 8023)
(inline-math 0 8025 8026 8025 8026)
(inline-math 0 8037 8038 8037 8038)
(inline-math 0 8071 8072 8071 8072)
(inline-math 0 8079 8080 8079 8080)
(inline-math 0 8084 8085 8084 8085)
(inline-math 0 8092 8093 8092 8093)
(inline-math 0 8121 8122 8121 8122)
(inline-math 0 8122 8123 8122 8123)
(brace 8 8124 8126 8125 8126)
(brace 9 8128 8130 8129 8130)
(inline-math 0 8155 8156 8155 8156)
(inline-math 0 8156 8157 8156 8157)
(inline-math 0 8206 8207 8206 8207)
(inline-math 0 8208 8209 8208 8209)
(inline-math 0 8281 8282 8281 8282)
(brace 8 8283 8285 8284 8285)
(brace 9 8287 8289 8288 8289)
(inline-math 0 8289 8290 8289 8290)
(inline-math 0 8294 8295 8294 8295)
(inline-math 0 8300 8301 8300 8301)
(inline-math 0 8318 8319 8318 8319)
(inline-math 0 8320 8321 8320 8321)
(inline-math 0 8326 8327 8326 8327)
(inline-math 0 8328 8329 8328 8329)
(inline-math 0 8353 8354 8353 8354)
(inline-math 0 8355 8356 8355 8356)
(brace 8 8394 8396 8395 8396)
(inline-math 0 8394 8395 8394 8395)
(brace 8 8397 8399 8398 8399)
(brace 9 8401 8403 8402 8403)
(brace 9 8402 8404 8403 8404)
(brace 8 8404 8406 8405 8406)
(brace 9 8408 8410 8409 8410)
(inline-math 0 8413 8414 8413 8414)
(inline-math 0 8430 8431 8430 8431)
(inline-math 0 8434 8435 8434 8435)
(inline-math 0 8480 8481 8480 8481)
(inline-math 0 8482 8483 8482 8483)
(inline-math 0 8497 8498 8497 8498)
(inline-math 0 8499 8500 8499 8500)
(inline-math 0 8504 8505 8504 8505)
(inline-math 0 8516 8517 8516 8517)
(inline-math 0 8586 8587 8586 8587)
(inline-math 0 8609 8610 8609 8610)
(inline-math 0 8675 8676 8675 8676)
(inline-math 0 8679 8680 8679 8680)
(inline-math 0 8725 8726 8725 8726)
(inline-math 0 8727 8728 8727 8728)
(inline-math 0 8742 8743 8742 8743)
(inline-math 0 8744 8745 8744 8745)
(inline-math 0 8747 8748 8747 8748)
(inline-math 0 8759 8760 8759 8760)
(inline-math 0 8787 8788 8787 8788)
(brace 8 8789 8791 8790 8791)
(brace 9 8796 8798 8797 8798)
(inline-math 0 8798 8799 8798 8799)
(inline-math 0 8801 8802 8801 8802)
(inline-math 0 8809 8810 8809 8810)
(inline-math 0 8814 8815 8814 8815)
(inline-math 0 8822 8823 8822 8823)
(inline-math 0 8851 8852 8851 8852)
(inline-math 0 8888 8889 8888 8889)
(environment 3 8941 8957 8941 8957)
(brace 4 8941 8947 8942 8947)
(brace 9 8955 8957 8956 8957)
(environment 3 8958 8967 8958 8967)
(brace 4 8958 8963 8958 8963)
(brace 9 8965 8967 8966 8967)
(environment 2 8979 8990 8979 8990)
(brace 3 8979 8986 8979 8986)
(brace 9 8988 8990 8989 8990)
(inline-math 0 9030 9031 9030 9031)
(inline-math 0 9050 9051 9050 9051)
(inline-math 0 9055 9056 9055 9056)
(inline-math 0 9057 9058 9057 9058)
(inline-math 0 9076 9077 9076 9077)
(brace 8 9080 9082 9081 9082)
(brace 9 9082 9084 9083 9084)
(inline-math 0 9084 9085 9084 9085)
(inline-math 0 9097 9098 9097 9098)
(inline-math 0 9105 9106 9105 9106)
(inline-math 0 9131 9132 9131 9132)
(inline-math 0 9133 9134 9133 9134)
(environment 0 9214 9232 9214 9232)
(brace 3 9214 9222 9215 9222)
(comment 0 9214 9215 9214 9215)
(brace 9 9230 9232 9231 9232)
(inline-math 0 9233 9234 9233 9234)
(inline-math 0 9234 9235 9234 9235)
(brace 8 9237 9239 9238 9239)
(brace 9 9239 9241 9240 9241)
(brace 8 9248 9250 9249 9250)
(brace 9 9250 9252 9251 9252)
(brace 8 9254 9256 9255 9256)
(brace 9 9256 9258 9257 9258)
(inline-math 0 9273 9274 9273 9274)
(inline-math 0 9274 9275 9274 9275)
(environment 1 9276 9292 9276 9292)
(brace 4 9276 9282 9277 9282)
(comment 0 9276 9277 9276 9277)
(brace 9 9290 9292 9291 9292)
(environment 2 9293 9310 9293 9310)
(brace 3 9293 9300 9293 9300)
(brace 9 9308 9310 9309 9310)
(inline-math 0 9402 9403 9402 9403)
(brace 8 9404 9406 9405 9406)
(brace 9 9406 9408 9407 9408)
(inline-math 0 9408 9409 9408 9409)
(inline-math 0 9413 9414 9413 9414)
(inline-math 0 9415 9416 9415 9416)
(inline-math 0 9459 9460 9459 9460)
(inline-math 0 9461 9462 9461 9462)
(inline-math 0 9477 9478 9477 9478)
(brace 8 9479 9481 9480 9481)
(brace 9 9483 9485 9484 9485)
(inline-math 0 9485 9486 9485 9486)
(inline-math 0 9491 9492 9491 9492)
(inline-math 0 9493 9494 9493 9494)
(inline-math 0 9501 9502 9501 9502)
(brace 8 9511 9513 9512 9513)
(brace 9 9513 9515 9514 9515)
(inline-math 0 9515 9516 9515 9516)
(inline-math 0 9536 9537 9536 9537)
(inline-math 0 9544 9545 9544 9545)
(inline-math 0 9563 9564 9563 9564)
(inline-math 0 9565 9566 9565 9566)
(environment 0 9704 9721 9704 9721)
(brace 3 9704 9711 9704 9711)
(brace 9 9719 9721 9720 9721)
(brace 8 9752 9754 9753 9754)
(brace 9 9754 9756 9755 9756)
(brace 8 9755 9757 9756 9757)
(brace 9 9758 9760 9759 9760)
(brace 8 9761 9763 9762 9763)
(brace 9 9763 9765 9764 9765)
(brace 8 9772 9774 9773 9774)
(brace 9 9774 9776 9775 9776)
(brace 8 9781 9783 9782 9783)
(brace 9 9783 9785 9784 9785)
(brace 8 9785 9787 9786 9787)
(brace 9 9787 9789 9788 9789)
(brace 8 9794 9796 9795 9796)
(brace 8 9801 9803 9802 9803)
(brace 9 9803 9805 9804 9805)
(brace 9 9804 9806 9805 9806)
(brace 8 9805 9807 9806 9807)
(brace 9 9808 9810 9809 9810)
(brace 8 9812 9814 9813 9814)
(brace 9 9816 9818 9817 9818)
(brace 8 9828 9830 9829 9830)
(brace 9 9832 9834 9833 9834)
(environment 1 9838 9853 9838 9853)
(brace 4 9838 9843 9838 9843)
(brace 9 9851 9853 9852 9853)
(inline-math 0 9874 9875 9874 9875)
(inline-math 0 9876 9877 9876 9877)
(inline-math 0 9888 9889 9888 9889)
(brace 8 9890 9892 9891 9892)
(brace 9 9892 9894 9893 9894)
(inline-math 0 9894 9895 9894 9895)
(inline-math 0 9900 9901 9900 9901)
(inline-math 0 9902 9903 9902 9903)
(inline-math 0 9907 9908 9907 9908)
(brace 8 9917 9919 9918 9919)
(brace 9 9919 9921 9920 9921)
(inline-math 0 9921 9922 9921 9922)
(inline-math 0 9931 9932 9931 9932)
(inline-math 0 9939 9940 9939 9940)
(inline-math 0 9958 9959 9958 9959)
(inline-math 0 9960 9961 9960 9961)
(inline-math 0 9984 9985 9984 9985)
(inline-math 0 10001 10002 10001 10002)
(environment 0 10013 10030 10013 10030)
(brace 3 10013 10020 10013 10020)
(brace 9 10028 10030 10029 10030)
(brace 8 10061 10063 10062 10063)
(brace 9 10063 10065 10064 10065)
(brace 8 10064 10066 10065 10066)
(brace 9 10071 10073 10072 10073)
(brace 8 10074 10076 10075 10076)
(brace 9 10078 10080 10079 10080)
(brace 8 10087 10089 10088 10089)
(brace 9 10091 10093 10092 10093)
(brace 8 10099 10101 10100 10101)
(brace 9 10101 10103 10102 10103)
(brace 8 10102 10104 10103 10104)
(brace 9 10105 10107 10106 10107)
(brace 8 10108 10110 10109 10110)
(brace 9 10110 10112 10111 10112)
(brace 8 10128 10130 10129 10130)
(brace 9 10130 10132 10131 10132)
(environment 1 10133 10148 10133 10148)
(brace 4 10133 10138 10133 10138)
(brace 9 10146 10148 10147 10148)
(inline-math 0 10204 10205 10204 10205)
(inline-math 0 10206 10207 10206 10207)
(environment 3 10392 10407 10392 10407)
(brace 4 10392 10397 10392 10397)
(brace 9 10405 10407 10406 10407)
(environment 3 10408 10417 10408 10417)
(brace 4 10408 10413 10408 10413)
(brace 9 10415 10417 10416 10417)
(environment 2 10430 10441 10430 10441)
(brace 3 10430 10437 10430 10437)
(brace 9 10439 10441 10440 10441)
(inline-math 0 10449 10450 10449 10450)
(inline-math 0 10451 10452 10451 10452)
(inline-math 0 10499 10500 10499 10500)
(inline-math 0 10501 10502 10501 10502)
(inline-math 0 10506 10507 10506 10507)
(inline-math 0 10520 10521 10520 10521)
(inline-math 0 10551 10552 10551 10552)
(inline-math 0 10553 10554 10553 10554)
(inline-math 0 10580 10581 10580 10581)
(inline-math 0 10590 10591 10590 10591)
(inline-math 0 10600 10601 10600 10601)
(inline-math 0 10613 10614 10613 10614)
(inline-math 0 10621 10622 10621 10622)
(inline-math 0 10622 10623 10622 10623)
(inline-math 0 10660 10661 10660 10661)
(inline-math 0 10661 10662 10661 10662)
(inline-math 0 10663 10664 10663 10664)
(inline-math 0 10666 10667 10666 10667)
(inline-math 0 10684 10685 10684 10685)
(inline-math 0 10686 10687 10686 10687)
(environment 2 10711 10728 10711 10728)
(brace 3 10711 10718 10711 10718)
(brace 9 10726 10728 10727 10728)
(inline-math 0 10751 10752 10751 10752)
(inline-math 0 10753 10754 10753 10754)
(inline-math 0 10778 10779 10778 10779)
(inline-math 0 10780 10781 10780 10781)
(inline-math 0 10795 10796 10795 10796)
(inline-math 0 10797 10798 10797 10798)
(inline-math 0 10831 10832 10831 10832)
(inline-math 0 10832 10833 10832 10833)
(inline-math 0 10862 10863 10862 10863)
(inline-math 0 10863 10864 10863 10864)
(inline-math 0 10876 10877 10876 10877)
(inline-math 0 10886 10887 10886 10887)
(inline-math 0 10889 10890 10889 10890)
(inline-math 0 10892 10893 10892 10893)
(inline-math 0 10962 10963 10962 10963)
(inline-math 0 10964 10965 10964 10965)
(inline-math 0 10999 11000 10999 11000)
(inline-math 0 11001 11002 11001 11002)
(inline-math 0 11016 11017 11016 11017)
(inline-math 0 11018 11019 11018 11019)
(inline-math 0 11051 11052 11051 11052)
(inline-math 0 11064 11065 11064 11065)
(inline-math 0 11121 11122 11121 11122)
(inline-math 0 11129 11130 11129 11130)
(environment 3 11134 11149 11134 11149)
(brace 4 11134 11139 11134 11139)
(brace 9 11147 11149 11148 11149)
(environment 3 11150 11159 11150 11159)
(brace 4 11150 11155 11150 11155)
(brace 9 11157 11159 11158 11159)
(environment 2 11171 11182 11171 11182)
(brace 3 11171 11178 11171 11178)
(brace 9 11180 11182 11181 11182)
(environment 2 11183 11200 11183 11200)
(brace 3 11183 11190 11183 11190)
(brace 9 11198 11200 11199 11200)
(inline-math 0 11212 11213 11212 11213)
(inline-math 0 11230 11231 11230 11231)
(inline-math 0 11255 11256 11255 11256)
(brace 8 11257 11259 11258 11259)
(brace 9 11264 11266 11265 11266)
(inline-math 0 11266 11267 11266 11267)
(inline-math 0 11304 11305 11304 11305)
(inline-math 0 11324 11325 11324 11325)
(inline-math 0 11336 11337 11336 11337)
(brace 8 11338 11340 11339 11340)
(brace 9 11345 11347 11346 11347)
(inline-math 0 11347 11348 11347 11348)
(inline-math 0 11350 11351 11350 11351)
(inline-math 0 11366 11367 11366 11367)
(inline-math 0 11380 11381 11380 11381)
(inline-math 0 11400 11401 11400 11401)
(inline-math 0 11403 11404 11403 11404)
(inline-math 0 11404 11405 11404 11405)
(brace 8 11423 11425 11424 11425)
(brace 9 11427 11429 11428 11429)
(brace 8 11429 11431 11430 11431)
(brace 9 11431 11433 11432 11433)
(inline-math 0 11444 11445 11444 11445)
(inline-math 0 11445 11446 11445 11446)
(inline-math 0 11470 11471 11470 11471)
(inline-math 0 11476 11477 11476 11477)
(inline-math 0 11492 11493 11492 11493)
(inline-math 0 11494 11495 11494 11495)
(inline-math 0 11499 11500 11499 11500)
(inline-math 0 11505 11506 11505 11506)
(inline-math 0 11534 11535 11534 11535)
(inline-math 0 11536 11537 11536 11537)
(inline-math 0 11599 11600 11599 11600)
(inline-math 0 11617 11618 11617 11618)
(inline-math 0 11642 11643 11642 11643)
(brace 8 11644 11646 11645 11646)
(brace 9 11651 11653 11652 11653)
(inline-math 0 11653 11654 11653 11654)
(inline-math 0 11665 11666 11665 11666)
(inline-math 0 11674 11675 11674 11675)
(inline-math 0 11679 11680 11679 11680)
(inline-math 0 11693 11694 11693 11694)
(inline-math 0 11731 11732 11731 11732)
(brace 8 11733 11735 11734 11735)
(brace 9 11736 11738 11737 11738)
(inline-math 0 11754 11755 11754 11755)
(inline-math 0 11766 11767 11766 11767)
(brace 8 11768 11770 11769 11770)
(brace 9 11775 11777 11776 11777)
(inline-math 0 11777 11778 11777 11778)
(inline-math 0 11780 11781 11780 11781)
(inline-math 0 11798 11799 11798 11799)
(inline-math 0 11812 11813 11812 11813)
(inline-math 0 11833 11834 11833 11834)
(inline-math 0 11836 11837 11836 11837)
(inline-math 0 11837 11838 11837 11838)
(brace 8 11850 11852 11851 11852)
(brace 9 11854 11856 11855 11856)
(brace 8 11865 11867 11866 11867)
(brace 9 11869 11871 11870 11871)
(inline-math 0 11874 11875 11874 11875)
(inline-math 0 11875 11876 11875 11876)
(brace 8 11883 11885 11884 11885)
(brace 9 11888 11890 11889 11890)
(inline-math 0 11909 11910 11909 11910)
(brace 8 11923 11925 11924 11925)
(brace 9 11930 11932 11931 11932)
(brace 8 11936 11938 11937 11938)
(brace 9 11938 11940 11939 11940)
(inline-math 0 11965 11966 11965 11966)
(inline-math 0 11991 11992 11991 11992)
(brace 8 11993 11995 11994 11995)
(brace 9 12000 12002 12001 12002)
(brace 8 12006 12008 12007 12008)
(brace 9 12008 12010 12009 12010)
(inline-math 0 12016 12017 12016 12017)
(inline-math 0 12047 12048 12047 12048)
(inline-math 0 12051 12052 12051 12052)
(environment 3 12054 12069 12054 12069)
(brace 4 12054 12059 12054 12059)
(brace 9 12067 12069 12068 12069)
(environment 3 12070 12079 12070 12079)
(brace 4 12070 12075 12070 12075)
(brace 9 12077 12079 12078 12079)
(environment 2 12083 12094 12083 12094)
(brace 3 12083 12090 12083 12090)
(brace 9 12092 12094 12093 12094)
(brace 8 12100 12102 12101 12102)
(brace 9 12120 12122 12121 12122)
(inline-math 0 12142 12143 12142 12143)
(brace 8 12146 12148 12147 12148)
(brace 9 12148 12150 12149 12150)
(inline-math 0 12150 12151 12150 12151)
(inline-math 0 12193 12194 12193 12194)
(inline-math 0 12195 12196 12195 12196)
(inline-math 0 12207 12208 12207 12208)
(brace 8 12209 12211 12210 12211)
(brace 9 12216 12218 12217 12218)
(inline-math 0 12218 12219 12218 12219)
(inline-math 0 12223 12224 12223 12224)
(brace 8 12227 12229 12228 12229)
(brace 9 12229 12231 12230 12231)
(inline-math 0 12231 12232 12231 12232)
(inline-math 0 12238 12239 12238 12239)
(brace 8 12242 12244 12243 12244)
(brace 9 12244 12246 12245 12246)
(inline-math 0 12246 12247 12246 12247)
(inline-math 0 12323 12324 12323 12324)
(brace 8 12334 12336 12335 12336)
(brace 9 12336 12338 12337 12338)
(inline-math 0 12338 12339 12338 12339)
(environment 2 12341 12358 12341 12358)
(brace 3 12341 12348 12341 12348)
(brace 9 12356 12358 12357 12358)
(inline-math 0 12408 12409 12408 12409)
(brace 8 12410 12412 12411 12412)
(brace 9 12417 12419 12418 12419)
(inline-math 0 12419 12420 12419 12420)
(inline-math 0 12561 12562 12561 12562)
(brace 8 12564 12566 12565 12566)
(brace 9 12566 12568 12567 12568)
(brace 8 12569 12571 12570 12571)
(brace 9 12579 12581 12580 12581)
(inline-math 0 12581 12582 12581 12582)
(inline-math 0 12594 12595 12594 12595)
(brace 8 12600 12602 12601 12602)
(brace 9 12602 12604 12603 12604)
(brace 8 12622 12624 12623 12624)
(brace 9 12632 12634 12633 12634)
(brace 8 12636 12638 12637 12638)
(brace 9 12638 12640 12639 12640)
(inline-math 0 12640 12641 12640 12641)
(inline-math 0 12679 12680 12679 12680)
(brace 8 12685 12687 12686 12687)
(brace 9 12687 12689 12688 12689)
(brace 8 12690 12692 12691 12692)
(brace 9 12700 12702 12701 12702)
(inline-math 0 12702 12703 12702 12703)
(inline-math 0 12707 12708 12707 12708)
(brace 8 12711 12713 12712 12713)
(brace 9 12713 12715 12714 12715)
(inline-math 0 12715 12716 12715 12716)
(inline-math 0 12722 12723 12722 12723)
(brace 8 12726 12728 12727 12728)
(brace 9 12728 12730 12729 12730)
(inline-math 0 12730 12731 12730 12731)
(inline-math 0 12749 12750 12749 12750)
(brace 8 12754 12756 12755 12756)
(brace 9 12756 12758 12757 12758)
(inline-math 0 12758 12759 12758 12759)
(inline-math 0 12784 12785 12784 12785)
(brace 8 12788 12790 12789 12790)
(brace 9 12790 12792 12791 12792)
(brace 8 12804 12806 12805 12806)
(brace 9 12806 12808 12807 12808)
(inline-math 0 12808 12809 12808 12809)
(inline-math 0 12847 12848 12847 12848)
(inline-math 0 12849 12850 12849 12850)
(environment 3 12880 12895 12880 12895)
(brace 4 12880 12885 12880 12885)
(brace 9 12893 12895 12894 12895)
(environment 3 12896 12905 12896 12905)
(brace 4 12896 12901 12896 12901)
(brace 9 12903 12905 12904 12905)
(environment 3 12912 12926 12912 12926)
(brace 4 12912 12917 12912 12917)
(brace 9 12924 12926 12925 12926)
(comment 0 12927 12928 12927 12928)
(comment 0 12928 12929 12928 12929)
(comment 0 12929 12930 12929 12930)
(comment 0 12948 12949 12948 12949)
(comment 0 12949 12950 12949 12950)
(comment 0 12950 12951 12950 12951)
(comment 0 12964 12965 12964 12965)
(comment 0 12965 12966 12965 12966)
(comment 0 12966 12967 12966 12967)
(comment 0 12982 12983 12982 12983)
(comment 0 12983 12984 12983 12984)
(comment 0 12984 12985 12984 12985)
