"2d5f19cfd1e3ccad1a34cd7d0c9054dc"
"1f62ab6ad84ea03c1f257dce43aebab0"
(preamble 0 1 30 1 30)
(0 0 1 30 22 29)
(brace 6 1 22 1 22)
(brace 9 28 30 29 30)
(1 0 31 59 53 58)
(comment 0 31 32 31 32)
(brace 8 51 53 52 53)
(brace 9 57 59 58 59)
(1 0 60 84 76 83)
(brace 8 74 76 75 76)
(brace 9 82 84 83 84)
(comment 0 100 101 100 101)
(1 0 131 159 150 158)
(brace 8 148 150 149 150)
(brace 9 157 159 158 159)
(comment 0 170 171 170 171)
(1 0 204 223 216 222)
(brace 0 204 216 204 216)
(brace 9 221 223 222 223)
(comment 0 244 245 244 245)
(1 0 276 296 288 295)
(brace 0 276 288 276 288)
(brace 9 294 296 295 296)
(comment 0 300 301 300 301)
(1 0 335 356 347 355)
(brace 0 335 347 335 347)
(brace 9 354 356 355 356)
(comment 0 359 360 359 360)
(1 0 390 410 402 409)
(brace 0 390 402 390 402)
(brace 9 408 410 409 410)
(comment 0 430 431 430 431)
(1 0 464 484 476 483)
(brace 0 464 476 464 476)
(brace 9 482 484 483 484)
(1 0 485 506 497 505)
(brace 0 485 497 485 497)
(brace 9 504 506 505 506)
(1 0 507 527 519 526)
(brace 0 507 519 507 519)
(brace 9 525 527 526 527)
(1 0 528 549 540 548)
(brace 0 528 540 528 540)
(brace 9 547 549 548 549)
(newcommand 0 551 573 563 572)
(brace 8 561 563 562 563)
(brace 9 571 573 572 573)
(brace 8 575 577 576 577)
(brace 9 576 578 577 578)
(comment 0 579 580 579 580)
(brace 8 614 616 615 616)
(brace 9 617 619 618 619)
(brace 8 632 634 633 634)
(brace 9 637 639 638 639)
(brace 8 638 640 639 640)
(brace 9 643 645 644 645)
(brace 8 644 646 645 646)
(brace 9 649 651 650 651)
(brace 8 650 652 651 652)
(brace 9 655 657 656 657)
(brace 8 656 658 657 658)
(brace 9 661 663 662 663)
(brace 8 662 664 663 664)
(brace 9 666 668 667 668)
(brace 8 667 669 668 669)
(brace 9 671 673 672 673)
(brace 8 672 674 673 674)
(brace 9 677 679 678 679)
(comment 0 681 682 681 682)
(brace 8 709 711 710 711)
(brace 9 722 724 723 724)
(brace 8 734 736 735 736)
(brace 9 746 748 747 748)
(brace 8 758 760 759 760)
(brace 9 771 773 772 773)
(brace 8 783 785 784 785)
(brace 9 797 799 798 799)
(newcommand 0 800 830 812 829)
(brace 8 810 812 811 812)
(brace 9 828 830 829 830)
(brace 8 835 837 836 837)
(comment 0 837 838 837 838)
(brace 8 857 859 858 859)
(brace 9 869 871 870 871)
(brace 8 870 872 871 872)
(brace 9 873 875 874 875)
(comment 0 875 876 875 876)
(brace 8 895 897 896 897)
(brace 9 908 910 909 910)
(brace 8 909 911 910 911)
(brace 9 912 914 913 914)
(comment 0 914 915 914 915)
(brace 8 934 936 935 936)
(brace 9 947 949 948 949)
(brace 8 948 950 949 950)
(brace 9 951 953 952 953)
(comment 0 953 954 953 954)
(brace 8 973 975 974 975)
(brace 8 980 982 981 982)
(brace 9 993 995 994 995)
(brace 9 998 1000 999 1000)
(brace 8 1016 1018 1017 1018)
(brace 8 1027 1029 1028 1029)
(brace 9 1041 1043 1042 1043)
(brace 8 1042 1044 1043 1044)
(brace 9 1046 1048 1047 1048)
(brace 9 1047 1049 1048 1049)
(brace 8 1048 1050 1049 1050)
(brace 9 1049 1051 1050 1051)
(comment 0 1051 1052 1051 1052)
(brace 8 1071 1073 1072 1073)
(brace 8 1078 1080 1079 1080)
(brace 9 1091 1093 1092 1093)
(brace 9 1096 1098 1097 1098)
(brace 8 1114 1116 1115 1116)
(brace 8 1125 1127 1126 1127)
(brace 9 1139 1141 1140 1141)
(brace 8 1140 1142 1141 1142)
(brace 9 1157 1159 1158 1159)
(brace 9 1158 1160 1159 1160)
(brace 8 1159 1161 1160 1161)
(brace 9 1160 1162 1161 1162)
(comment 0 1162 1163 1162 1163)
(brace 8 1182 1184 1183 1184)
(brace 8 1189 1191 1190 1191)
(brace 9 1202 1204 1203 1204)
(brace 9 1207 1209 1208 1209)
(brace 8 1225 1227 1226 1227)
(brace 8 1236 1238 1237 1238)
(brace 9 1250 1252 1251 1252)
(brace 8 1251 1253 1252 1253)
(brace 9 1266 1268 1267 1268)
(brace 9 1267 1269 1268 1269)
(brace 8 1268 1270 1269 1270)
(brace 9 1269 1271 1270 1271)
(comment 0 1271 1272 1271 1272)
(brace 8 1291 1293 1292 1293)
(brace 8 1298 1300 1299 1300)
(brace 9 1311 1313 1312 1313)
(brace 9 1316 1318 1317 1318)
(brace 8 1334 1336 1335 1336)
(brace 8 1345 1347 1346 1347)
(brace 9 1359 1361 1360 1361)
(brace 8 1360 1362 1361 1362)
(brace 9 1375 1377 1376 1377)
(brace 9 1376 1378 1377 1378)
(brace 8 1377 1379 1378 1379)
(brace 9 1378 1380 1379 1380)
(comment 0 1380 1381 1380 1381)
(brace 8 1400 1402 1401 1402)
(brace 8 1407 1409 1408 1409)
(brace 9 1420 1422 1421 1422)
(brace 9 1425 1427 1426 1427)
(brace 8 1443 1445 1444 1445)
(brace 8 1454 1456 1455 1456)
(brace 9 1468 1470 1469 1470)
(brace 8 1469 1471 1470 1471)
(brace 9 1473 1475 1474 1475)
(brace 9 1474 1476 1475 1476)
(brace 8 1475 1477 1476 1477)
(brace 9 1476 1478 1477 1478)
(comment 0 1478 1479 1478 1479)
(comment 0 1496 1497 1496 1497)
(comment 0 1565 1566 1565 1566)
(comment 0 1624 1625 1624 1625)
(comment 0 1703 1704 1703 1704)
(comment 0 1721 1722 1721 1722)
(comment 0 1758 1759 1758 1759)
(comment 0 1776 1777 1776 1777)
(comment 0 1855 1856 1855 1856)
(brace 8 1881 1883 1882 1883)
(brace 9 1882 1884 1883 1884)
(comment 0 1905 1906 1905 1906)
(comment 0 1923 1924 1923 1924)
(comment 0 1992 1993 1992 1993)
(comment 0 2034 2035 2034 2035)
(brace 9 2039 2041 2040 2041)
(newcommand 0 2042 2063 2054 2062)
(brace 8 2052 2054 2053 2054)
(brace 9 2061 2063 2062 2063)
(brace 8 2068 2070 2069 2070)
(brace 8 2090 2092 2091 2092)
(brace 9 2091 2093 2092 2093)
(brace 8 2092 2094 2093 2094)
(brace 9 2095 2097 2096 2097)
(brace 8 2096 2098 2097 2098)
(brace 9 2097 2099 2098 2099)
(brace 9 2098 2100 2099 2100)
(newcommand 0 2101 2126 2113 2125)
(brace 8 2111 2113 2112 2113)
(brace 9 2124 2126 2125 2126)
(brace 8 2131 2133 2132 2133)
(brace 8 2153 2155 2154 2155)
(brace 9 2156 2158 2157 2158)
(brace 8 2157 2159 2158 2159)
(brace 9 2160 2162 2161 2162)
(brace 8 2161 2163 2162 2163)
(brace 9 2162 2164 2163 2164)
(brace 9 2163 2165 2164 2165)
(newcommand 0 2166 2192 2178 2191)
(brace 8 2176 2178 2177 2178)
(brace 9 2190 2192 2191 2192)
(brace 8 2197 2199 2198 2199)
(brace 8 2219 2221 2220 2221)
(brace 9 2220 2222 2221 2222)
(brace 8 2221 2223 2222 2223)
(brace 9 2224 2226 2225 2226)
(brace 8 2225 2227 2226 2227)
(brace 9 2228 2230 2229 2230)
(brace 9 2229 2231 2230 2231)
(newcommand 0 2232 2262 2244 2261)
(brace 8 2242 2244 2243 2244)
(brace 9 2260 2262 2261 2262)
(brace 8 2267 2269 2268 2269)
(brace 8 2289 2291 2290 2291)
(brace 9 2292 2294 2293 2294)
(brace 8 2293 2295 2294 2295)
(brace 8 2299 2301 2300 2301)
(brace 9 2302 2304 2303 2304)
(brace 9 2303 2305 2304 2305)
(brace 8 2304 2306 2305 2306)
(brace 9 2307 2309 2308 2309)
(brace 9 2308 2310 2309 2310)
(newcommand 0 2312 2332 2324 2331)
(brace 8 2322 2324 2323 2324)
(brace 9 2330 2332 2331 2332)
(brace 8 2334 2336 2335 2336)
(brace 8 2349 2351 2350 2351)
(brace 8 2357 2359 2358 2359)
(brace 9 2360 2362 2361 2362)
(brace 8 2361 2363 2362 2363)
(brace 9 2363 2365 2364 2365)
(brace 9 2365 2367 2366 2367)
(brace 8 2366 2368 2367 2368)
(brace 9 2368 2370 2369 2370)
(brace 8 2369 2371 2370 2371)
(brace 8 2384 2386 2385 2386)
(brace 8 2392 2394 2393 2394)
(brace 9 2395 2397 2396 2397)
(brace 8 2396 2398 2397 2398)
(brace 9 2398 2400 2399 2400)
(brace 9 2400 2402 2401 2402)
(brace 8 2401 2403 2402 2403)
(brace 9 2404 2406 2405 2406)
(brace 8 2405 2407 2406 2407)
(brace 8 2420 2422 2421 2422)
(brace 8 2428 2430 2429 2430)
(brace 9 2431 2433 2432 2433)
(brace 8 2432 2434 2433 2434)
(brace 9 2434 2436 2435 2436)
(brace 9 2436 2438 2437 2438)
(brace 8 2437 2439 2438 2439)
(brace 9 2441 2443 2442 2443)
(brace 8 2442 2444 2443 2444)
(brace 8 2457 2459 2458 2459)
(brace 8 2465 2467 2466 2467)
(brace 9 2468 2470 2469 2470)
(brace 8 2469 2471 2470 2471)
(brace 9 2471 2473 2472 2473)
(brace 9 2473 2475 2474 2475)
(brace 8 2474 2476 2475 2476)
(brace 9 2477 2479 2478 2479)
(brace 8 2478 2480 2479 2480)
(brace 8 2493 2495 2494 2495)
(brace 8 2501 2503 2502 2503)
(brace 9 2504 2506 2505 2506)
(brace 8 2505 2507 2506 2507)
(brace 9 2507 2509 2508 2509)
(brace 9 2509 2511 2510 2511)
(brace 8 2510 2512 2511 2512)
(brace 9 2512 2514 2513 2514)
(brace 8 2513 2515 2514 2515)
(brace 8 2528 2530 2529 2530)
(brace 8 2536 2538 2537 2538)
(brace 9 2539 2541 2540 2541)
(brace 8 2540 2542 2541 2542)
(brace 9 2542 2544 2543 2544)
(brace 9 2544 2546 2545 2546)
(brace 8 2545 2547 2546 2547)
(brace 9 2548 2550 2549 2550)
(brace 8 2549 2551 2550 2551)
(brace 8 2564 2566 2565 2566)
(brace 8 2572 2574 2573 2574)
(brace 9 2575 2577 2576 2577)
(brace 8 2576 2578 2577 2578)
(brace 9 2578 2580 2579 2580)
(brace 9 2580 2582 2581 2582)
(brace 8 2581 2583 2582 2583)
(brace 9 2585 2587 2586 2587)
(brace 8 2586 2588 2587 2588)
(brace 8 2601 2603 2602 2603)
(brace 8 2609 2611 2610 2611)
(brace 9 2612 2614 2613 2614)
(brace 8 2613 2615 2614 2615)
(brace 9 2615 2617 2616 2617)
(brace 9 2617 2619 2618 2619)
(brace 8 2618 2620 2619 2620)
(brace 9 2623 2625 2624 2625)
(brace 8 2624 2626 2625 2626)
(brace 8 2639 2641 2640 2641)
(brace 8 2647 2649 2648 2649)
(brace 9 2650 2652 2651 2652)
(brace 8 2651 2653 2652 2653)
(brace 9 2653 2655 2654 2655)
(brace 9 2655 2657 2656 2657)
(brace 8 2656 2658 2657 2658)
(brace 9 2659 2661 2660 2661)
(brace 8 2660 2662 2661 2662)
(brace 8 2675 2677 2676 2677)
(brace 8 2683 2685 2684 2685)
(brace 9 2686 2688 2687 2688)
(brace 8 2687 2689 2688 2689)
(brace 9 2690 2692 2691 2692)
(brace 9 2692 2694 2693 2694)
(brace 8 2693 2695 2694 2695)
(brace 9 2695 2697 2696 2697)
(brace 8 2696 2698 2697 2698)
(brace 8 2711 2713 2712 2713)
(brace 8 2719 2721 2720 2721)
(brace 9 2722 2724 2723 2724)
(brace 8 2723 2725 2724 2725)
(brace 9 2726 2728 2727 2728)
(brace 9 2728 2730 2729 2730)
(brace 8 2729 2731 2730 2731)
(brace 9 2732 2734 2733 2734)
(brace 8 2733 2735 2734 2735)
(brace 8 2748 2750 2749 2750)
(brace 8 2756 2758 2757 2758)
(brace 9 2759 2761 2760 2761)
(brace 8 2760 2762 2761 2762)
(brace 9 2763 2765 2764 2765)
(brace 9 2765 2767 2766 2767)
(brace 8 2766 2768 2767 2768)
(brace 9 2770 2772 2771 2772)
(brace 8 2771 2773 2772 2773)
(brace 8 2786 2788 2787 2788)
(brace 8 2794 2796 2795 2796)
(brace 9 2797 2799 2798 2799)
(brace 8 2798 2800 2799 2800)
(brace 9 2801 2803 2802 2803)
(brace 9 2803 2805 2804 2805)
(brace 8 2804 2806 2805 2806)
(brace 9 2809 2811 2810 2811)
(brace 8 2810 2812 2811 2812)
(brace 8 2825 2827 2826 2827)
(brace 8 2833 2835 2834 2835)
(brace 9 2836 2838 2837 2838)
(brace 8 2837 2839 2838 2839)
(brace 9 2840 2842 2841 2842)
(brace 9 2842 2844 2843 2844)
(brace 8 2843 2845 2844 2845)
(brace 9 2847 2849 2848 2849)
(brace 8 2848 2850 2849 2850)
(brace 8 2863 2865 2864 2865)
(brace 8 2871 2873 2872 2873)
(brace 9 2874 2876 2875 2876)
(brace 8 2875 2877 2876 2877)
(brace 9 2878 2880 2879 2880)
(brace 9 2880 2882 2881 2882)
(brace 8 2881 2883 2882 2883)
(brace 9 2884 2886 2885 2886)
(brace 8 2885 2887 2886 2887)
(brace 8 2900 2902 2901 2902)
(brace 8 2908 2910 2909 2910)
(brace 9 2911 2913 2912 2913)
(brace 8 2912 2914 2913 2914)
(brace 9 2915 2917 2916 2917)
(brace 9 2917 2919 2918 2919)
(brace 8 2918 2920 2919 2920)
(brace 9 2922 2924 2923 2924)
(brace 8 2923 2925 2924 2925)
(brace 8 2938 2940 2939 2940)
(brace 8 2946 2948 2947 2948)
(brace 9 2949 2951 2950 2951)
(brace 8 2950 2952 2951 2952)
(brace 9 2953 2955 2954 2955)
(brace 9 2955 2957 2956 2957)
(brace 8 2956 2958 2957 2958)
(brace 9 2961 2963 2962 2963)
(brace 8 2962 2964 2963 2964)
(brace 8 2977 2979 2978 2979)
(brace 8 2985 2987 2986 2987)
(brace 9 2988 2990 2989 2990)
(brace 8 2989 2991 2990 2991)
(brace 9 2992 2994 2993 2994)
(brace 9 2994 2996 2995 2996)
(brace 8 2995 2997 2996 2997)
(brace 9 3001 3003 3002 3003)
(brace 8 3002 3004 3003 3004)
(brace 9 3043 3045 3044 3045)
(brace 9 3045 3047 3046 3047)
(brace 9 3047 3049 3048 3049)
(brace 9 3049 3051 3050 3051)
(brace 9 3051 3053 3052 3053)
(brace 9 3053 3055 3054 3055)
(brace 9 3055 3057 3056 3057)
(brace 9 3057 3059 3058 3059)
(brace 9 3059 3061 3060 3061)
(brace 9 3061 3063 3062 3063)
(brace 9 3063 3065 3064 3065)
(brace 9 3065 3067 3066 3067)
(brace 9 3067 3069 3068 3069)
(brace 9 3069 3071 3070 3071)
(brace 9 3071 3073 3072 3073)
(brace 9 3073 3075 3074 3075)
(brace 9 3075 3077 3076 3077)
(brace 9 3077 3079 3078 3079)
(brace 9 3080 3081 3080 3081)
(brace 8 3093 3095 3094 3095)
(brace 9 3103 3105 3104 3105)
(newenvironment 0 3106 3125 3122 3124)
(brace 8 3120 3122 3121 3122)
(brace 9 3123 3125 3124 3125)
(brace 8 3127 3129 3128 3129)
(environment 2 3131 3143 3131 3143)
(brace 3 3131 3138 3131 3138)
(brace 9 3141 3143 3142 3143)
(brace 8 3142 3144 3143 3144)
(inline-math 0 3145 3146 3145 3146)
(brace 8 3152 3154 3153 3154)
(brace 9 3166 3168 3167 3168)
(inline-math 0 3168 3169 3168 3169)
(brace 9 3169 3171 3170 3171)
(brace 8 3170 3172 3171 3172)
(brace 8 3185 3187 3186 3187)
(brace 9 3195 3197 3196 3197)
(brace 8 3296 3298 3297 3298)
(brace 9 3308 3310 3309 3310)
(brace 8 3309 3311 3310 3311)
(brace 9 3314 3316 3315 3316)
(comment 0 3345 3346 3345 3346)
(brace 8 3357 3359 3358 3359)
(brace 9 3369 3371 3370 3371)
(brace 8 3370 3372 3371 3372)
(brace 9 3380 3382 3381 3382)
(brace 9 3383 3385 3384 3385)
(brace 8 3384 3386 3385 3386)
(environment 3 3385 3396 3385 3396)
(brace 4 3385 3391 3386 3391)
(brace 9 3394 3396 3395 3396)
(brace 9 3397 3398 3397 3398)
(comment 0 3401 3402 3401 3402)
(newcommand 0 3444 3461 3456 3460)
(brace 8 3454 3456 3455 3456)
(brace 9 3459 3461 3460 3461)
(brace 8 3460 3462 3461 3462)
(brace 8 3470 3472 3471 3472)
(brace 9 3472 3474 3473 3474)
(brace 9 3473 3475 3474 3475)
(newcommand 0 3476 3493 3488 3492)
(brace 8 3486 3488 3487 3488)
(brace 9 3491 3493 3492 3493)
(brace 8 3492 3494 3493 3494)
(brace 8 3502 3504 3503 3504)
(brace 9 3504 3506 3505 3506)
(brace 9 3505 3507 3506 3507)
(newcommand 0 3508 3524 3520 3523)
(brace 8 3518 3520 3519 3520)
(brace 9 3522 3524 3523 3524)
(brace 8 3523 3525 3524 3525)
(brace 8 3531 3533 3532 3533)
(brace 9 3533 3535 3534 3535)
(brace 9 3534 3536 3535 3536)
(newcommand 0 3537 3553 3549 3552)
(brace 8 3547 3549 3548 3549)
(brace 9 3551 3553 3552 3553)
(brace 8 3552 3554 3553 3554)
(brace 8 3560 3562 3561 3562)
(brace 9 3562 3564 3563 3564)
(brace 9 3563 3565 3564 3565)
(newcommand 0 3566 3582 3578 3581)
(brace 8 3576 3578 3577 3578)
(brace 9 3580 3582 3581 3582)
(brace 8 3581 3583 3582 3583)
(brace 9 3588 3590 3589 3590)
(newcommand 0 3591 3608 3603 3607)
(brace 8 3601 3603 3602 3603)
(brace 9 3606 3608 3607 3608)
(brace 8 3610 3612 3611 3612)
(brace 8 3611 3613 3612 3613)
(brace 8 3623 3625 3624 3625)
(brace 8 3631 3633 3632 3633)
(brace 9 3634 3636 3635 3636)
(brace 9 3635 3637 3636 3637)
(brace 9 3636 3638 3637 3638)
(brace 9 3637 3639 3638 3639)
(newcommand 0 3640 3659 3652 3658)
(brace 8 3650 3652 3651 3652)
(brace 9 3657 3659 3658 3659)
(brace 8 3658 3660 3659 3660)
(brace 8 3671 3673 3672 3673)
(brace 9 3677 3679 3678 3679)
(brace 8 3678 3680 3679 3680)
(brace 9 3685 3687 3686 3687)
(brace 9 3686 3688 3687 3688)
(newcommand 0 3689 3712 3701 3711)
(brace 8 3699 3701 3700 3701)
(brace 9 3710 3712 3711 3712)
(brace 8 3714 3716 3715 3716)
(brace 8 3726 3728 3727 3728)
(brace 9 3744 3746 3745 3746)
(brace 9 3745 3747 3746 3747)
(newcommand 0 3748 3765 3760 3764)
(brace 8 3758 3760 3759 3760)
(brace 9 3763 3765 3764 3765)
(brace 8 3767 3769 3768 3769)
(brace 8 3779 3781 3780 3781)
(brace 8 3790 3792 3791 3792)
(brace 9 3793 3795 3794 3795)
(brace 9 3794 3796 3795 3796)
(brace 9 3795 3797 3796 3797)
(comment 0 3804 3805 3804 3805)
(newcommand 0 3815 3831 3827 3830)
(brace 8 3825 3827 3826 3827)
(brace 9 3829 3831 3830 3831)
(brace 8 3830 3832 3831 3832)
(brace 9 3844 3846 3845 3846)
(newcommand 0 3849 3867 3862 3866)
(brace 8 3860 3862 3861 3862)
(brace 9 3865 3867 3866 3867)
(brace 8 3866 3868 3867 3868)
(brace 8 3881 3883 3882 3883)
(brace 9 3882 3884 3883 3884)
(brace 8 3892 3894 3893 3894)
(brace 9 3893 3895 3894 3895)
(brace 8 3901 3903 3902 3903)
(brace 9 3903 3905 3904 3905)
(brace 9 3908 3910 3909 3910)
(comment 0 3912 3913 3912 3913)
(brace 8 3977 3979 3978 3979)
(brace 9 3988 3990 3989 3990)
(comment 0 3990 3991 3990 3991)
(brace 8 3999 4001 4000 4001)
(brace 8 4024 4026 4025 4026)
(brace 9 4033 4035 4034 4035)
(brace 9 4034 4036 4035 4036)
(brace 8 4049 4051 4050 4051)
(brace 9 4059 4061 4060 4061)
(brace 8 4060 4062 4061 4062)
(brace 9 4071 4073 4072 4073)
(comment 0 4089 4090 4089 4090)
(comment 0 4090 4091 4090 4091)
(comment 0 4091 4092 4091 4092)
(comment 0 4092 4093 4092 4093)
(comment 0 4093 4094 4093 4094)
(newcommand 0 4115 4136 4127 4135)
(brace 8 4125 4127 4126 4127)
(brace 9 4134 4136 4135 4136)
(brace 8 4135 4137 4136 4137)
(brace 9 4148 4150 4149 4150)
(brace 8 4161 4163 4162 4163)
(brace 9 4166 4168 4167 4168)
(brace 8 4181 4183 4182 4183)
(brace 9 4190 4192 4191 4192)
(brace 8 4191 4193 4192 4193)
(brace 8 4199 4201 4200 4201)
(brace 9 4204 4206 4205 4206)
(brace 9 4205 4207 4206 4207)
(newenvironment 0 4209 4229 4225 4228)
(brace 8 4223 4225 4224 4225)
(brace 9 4227 4229 4228 4229)
(brace 8 4239 4240 4239 4240)
(brace 8 4257 4259 4258 4259)
(brace 9 4262 4264 4263 4264)
(brace 8 4277 4279 4278 4279)
(brace 8 4285 4287 4286 4287)
(brace 9 4288 4290 4289 4290)
(brace 8 4289 4291 4290 4291)
(brace 9 4294 4296 4295 4296)
(brace 9 4296 4298 4297 4298)
(brace 8 4297 4299 4298 4299)
(brace 8 4312 4314 4313 4314)
(brace 9 4339 4341 4340 4341)
(brace 9 4343 4345 4344 4345)
(brace 8 4344 4346 4345 4346)
(brace 8 4359 4361 4360 4361)
(brace 8 4386 4388 4387 4388)
(brace 9 4387 4389 4388 4389)
(brace 9 4401 4403 4402 4403)
(brace 9 4405 4407 4406 4407)
(comment 0 4408 4409 4408 4409)
(comment 0 4418 4419 4418 4419)
(brace 9 4427 4428 4427 4428)
(brace 9 4429 4431 4430 4431)
(brace 8 4429 4430 4429 4430)
(brace 8 4443 4445 4444 4445)
(brace 9 4454 4456 4455 4456)
(newenvironment 0 4457 4483 4473 4482)
(brace 8 4471 4473 4472 4473)
(brace 9 4481 4483 4482 4483)
(brace 8 4482 4484 4483 4484)
(environment 2 4485 4497 4485 4497)
(brace 3 4485 4492 4485 4492)
(brace 9 4495 4497 4496 4497)
(brace 8 4496 4498 4497 4498)
(brace 8 4497 4499 4498 4499)
(brace 8 4511 4513 4512 4513)
(brace 9 4522 4524 4523 4524)
(brace 9 4524 4526 4525 4526)
(brace 9 4525 4527 4526 4527)
(brace 8 4526 4528 4527 4528)
(brace 8 4541 4543 4542 4543)
(brace 9 4552 4554 4553 4554)
(brace 8 4635 4637 4636 4637)
(brace 9 4647 4649 4648 4649)
(brace 8 4648 4650 4649 4650)
(brace 8 4649 4651 4650 4651)
(brace 9 4661 4663 4662 4663)
(brace 9 4662 4664 4663 4664)
(brace 8 4720 4722 4721 4722)
(brace 9 4732 4734 4733 4734)
(brace 8 4733 4735 4734 4735)
(brace 9 4743 4745 4744 4745)
(brace 9 4746 4748 4747 4748)
(brace 8 4747 4749 4748 4749)
(environment 3 4748 4759 4748 4759)
(brace 4 4748 4754 4749 4754)
(brace 9 4757 4759 4758 4759)
(brace 9 4759 4761 4760 4761)
(comment 0 4764 4765 4764 4765)
(comment 0 4765 4766 4765 4766)
(comment 0 4766 4767 4766 4767)
(comment 0 4767 4768 4767 4768)
(comment 0 4768 4769 4768 4769)
(comment 0 4769 4770 4769 4770)
(comment 0 4770 4771 4770 4771)
(comment 0 4771 4772 4771 4772)
(comment 0 4772 4773 4772 4773)
(comment 0 4773 4774 4773 4774)
(comment 0 4774 4775 4774 4775)
(comment 0 4775 4776 4775 4776)
(comment 0 4776 4777 4776 4777)
(comment 0 4777 4778 4777 4778)
(comment 0 4778 4779 4778 4779)
(comment 0 4779 4780 4779 4780)
(comment 0 4780 4781 4780 4781)
(comment 0 4781 4782 4781 4782)
(comment 0 4782 4783 4782 4783)
(comment 0 4783 4784 4783 4784)
(comment 0 4784 4785 4784 4785)
(comment 0 4785 4786 4785 4786)
(comment 0 4786 4787 4786 4787)
(comment 0 4787 4788 4787 4788)
(comment 0 4788 4789 4788 4789)
(comment 0 4789 4790 4789 4790)
(comment 0 4790 4791 4790 4791)
(comment 0 4791 4792 4791 4792)
(comment 0 4792 4793 4792 4793)
(comment 0 4793 4794 4793 4794)
(comment 0 4794 4795 4794 4795)
(comment 0 4795 4796 4795 4796)
(comment 0 4796 4797 4796 4797)
(comment 0 4797 4798 4797 4798)
(comment 0 4798 4799 4798 4799)
(comment 0 4799 4800 4799 4800)
(comment 0 4800 4801 4800 4801)
(comment 0 4801 4802 4801 4802)
(comment 0 4802 4803 4802 4803)
(comment 0 4803 4804 4803 4804)
(comment 0 4804 4805 4804 4805)
(newcommand 0 4806 4834 4818 4833)
(brace 8 4816 4818 4817 4818)
(brace 9 4832 4834 4833 4834)
(brace 8 4833 4835 4834 4835)
(brace 8 4841 4843 4842 4843)
(brace 9 4845 4847 4846 4847)
(brace 9 4846 4848 4847 4848)
(newcommand 0 4849 4876 4861 4875)
(brace 8 4859 4861 4860 4861)
(brace 9 4874 4876 4875 4876)
(brace 8 4875 4877 4876 4877)
(brace 8 4883 4885 4884 4885)
(brace 9 4887 4889 4888 4889)
(brace 9 4888 4890 4889 4890)
(newcommand 0 4891 4913 4903 4912)
(brace 8 4901 4903 4902 4903)
(brace 9 4911 4913 4912 4913)
(brace 8 4912 4914 4913 4914)
(brace 9 4913 4915 4914 4915)
(newcommand 0 4918 4949 4930 4948)
(brace 8 4928 4930 4929 4930)
(brace 9 4947 4949 4948 4949)
(comment 0 4954 4955 4954 4955)
(brace 8 5005 5006 5005 5006)
(brace 8 5019 5021 5020 5021)
(brace 8 5027 5029 5028 5029)
(brace 9 5030 5032 5031 5032)
(brace 8 5031 5033 5032 5033)
(brace 9 5036 5038 5037 5038)
(brace 9 5038 5040 5039 5040)
(brace 8 5039 5041 5040 5041)
(brace 8 5071 5073 5072 5073)
(brace 9 5084 5086 5085 5086)
(brace 9 5088 5090 5089 5090)
(brace 8 5089 5091 5090 5091)
(brace 8 5121 5123 5122 5123)
(brace 9 5147 5149 5148 5149)
(brace 9 5151 5153 5152 5153)
(brace 9 5154 5155 5154 5155)
(comment 0 5157 5158 5157 5158)
(comment 0 5193 5194 5193 5194)
(comment 0 5202 5203 5202 5203)
(newenvironment 0 5238 5261 5254 5260)
(brace 8 5252 5254 5253 5254)
(brace 9 5259 5261 5260 5261)
(brace 8 5271 5272 5271 5272)
(brace 8 5290 5292 5291 5292)
(brace 9 5297 5299 5298 5299)
(brace 8 5298 5300 5299 5300)
(brace 9 5301 5303 5302 5303)
(brace 9 5303 5305 5304 5305)
(brace 8 5306 5307 5306 5307)
(brace 9 5329 5331 5330 5331)
(newcommand 0 5334 5356 5346 5355)
(brace 8 5344 5346 5345 5346)
(brace 9 5354 5356 5355 5356)
(brace 8 5358 5360 5359 5360)
(comment 0 5360 5361 5360 5361)
(brace 8 5380 5382 5381 5382)
(environment 2 5428 5442 5428 5442)
(brace 3 5428 5436 5429 5436)
(brace 9 5440 5442 5441 5442)
(brace 8 5441 5443 5442 5443)
(brace 8 5444 5446 5445 5446)
(brace 9 5447 5449 5448 5449)
(brace 8 5450 5452 5451 5452)
(brace 9 5453 5455 5454 5455)
(brace 9 5455 5457 5456 5457)
(environment 3 5544 5556 5544 5556)
(brace 4 5544 5550 5545 5550)
(brace 9 5554 5556 5555 5556)
(brace 9 5581 5583 5582 5583)
(brace 9 5582 5584 5583 5584)
(newcommand 0 5585 5601 5597 5600)
(brace 8 5595 5597 5596 5597)
(brace 9 5599 5601 5600 5601)
(brace 8 5600 5602 5601 5602)
(brace 9 5608 5610 5609 5610)
(newcommand 0 5611 5629 5623 5628)
(brace 8 5621 5623 5622 5623)
(brace 9 5627 5629 5628 5629)
(brace 8 5631 5633 5632 5633)
(brace 8 5640 5642 5641 5642)
(brace 9 5642 5644 5643 5644)
(brace 8 5644 5646 5645 5646)
(brace 9 5647 5649 5648 5649)
(brace 9 5648 5650 5649 5650)
(newcommand 0 5651 5667 5663 5666)
(brace 8 5661 5663 5662 5663)
(brace 9 5665 5667 5666 5667)
(brace 8 5666 5668 5667 5668)
(brace 8 5674 5676 5675 5676)
(brace 9 5676 5678 5677 5678)
(brace 9 5677 5679 5678 5679)
(newcommand 0 5680 5696 5692 5695)
(brace 8 5690 5692 5691 5692)
(brace 9 5694 5696 5695 5696)
(brace 8 5695 5697 5696 5697)
(brace 8 5703 5705 5704 5705)
(brace 9 5705 5707 5706 5707)
(brace 9 5706 5708 5707 5708)
(newcommand 0 5709 5725 5721 5724)
(brace 8 5719 5721 5720 5721)
(brace 9 5723 5725 5724 5725)
(brace 8 5724 5726 5725 5726)
(brace 8 5732 5734 5733 5734)
(brace 9 5734 5736 5735 5736)
(brace 9 5735 5737 5736 5737)
(newenvironment 0 5739 5760 5755 5759)
(brace 8 5753 5755 5754 5755)
(brace 9 5758 5760 5759 5760)
(comment 0 5766 5767 5766 5767)
(brace 8 5771 5773 5772 5773)
(brace 8 5783 5785 5784 5785)
(environment 2 5808 5822 5808 5822)
(brace 3 5808 5816 5809 5816)
(brace 9 5820 5822 5821 5822)
(brace 8 5821 5823 5822 5823)
(brace 8 5825 5827 5826 5827)
(brace 9 5831 5833 5832 5833)
(brace 9 5833 5835 5834 5835)
(brace 9 5834 5836 5835 5836)
(brace 9 5835 5837 5836 5837)
(comment 0 5837 5838 5837 5838)
(brace 8 5842 5844 5843 5844)
(environment 3 5843 5855 5843 5855)
(brace 4 5843 5849 5844 5849)
(brace 9 5853 5855 5854 5855)
(brace 9 5861 5863 5862 5863)
(newcommand 0 5865 5880 5877 5879)
(brace 8 5875 5877 5876 5877)
(brace 9 5878 5880 5879 5880)
(brace 8 5882 5884 5883 5884)
(brace 8 5883 5885 5884 5885)
(brace 8 5895 5897 5896 5897)
(comment 0 5908 5909 5908 5909)
(brace 8 5913 5915 5914 5915)
(brace 8 5920 5922 5921 5922)
(brace 9 5923 5925 5924 5925)
(brace 8 5924 5926 5925 5926)
(brace 9 5927 5929 5928 5929)
(brace 9 5928 5930 5929 5930)
(brace 8 5938 5940 5939 5940)
(brace 8 5945 5947 5946 5947)
(brace 9 5948 5950 5949 5950)
(brace 8 5949 5951 5950 5951)
(brace 9 5952 5954 5953 5954)
(brace 9 5953 5955 5954 5955)
(brace 8 5959 5961 5960 5961)
(brace 8 5965 5967 5966 5967)
(brace 9 5968 5970 5969 5970)
(brace 8 5969 5971 5970 5971)
(brace 9 5972 5974 5973 5974)
(brace 9 5973 5975 5974 5975)
(brace 8 5979 5981 5980 5981)
(brace 8 5985 5987 5986 5987)
(brace 9 5988 5990 5989 5990)
(brace 8 5989 5991 5990 5991)
(brace 9 5992 5994 5993 5994)
(brace 9 5993 5995 5994 5995)
(brace 9 5999 6001 6000 6001)
(brace 9 6000 6002 6001 6002)
(brace 9 6001 6003 6002 6003)
(brace 8 6016 6018 6017 6018)
(brace 9 6020 6022 6021 6022)
(brace 8 6021 6023 6022 6023)
(brace 9 6031 6033 6032 6033)
(newcommand 0 6034 6050 6046 6049)
(brace 8 6044 6046 6045 6046)
(brace 9 6048 6050 6049 6050)
(brace 8 6049 6051 6050 6051)
(brace 9 6061 6063 6062 6063)
(newcommand 0 6064 6086 6076 6085)
(brace 8 6074 6076 6075 6076)
(brace 9 6084 6086 6085 6086)
(brace 8 6088 6090 6089 6090)
(brace 8 6089 6091 6090 6091)
(brace 9 6105 6107 6106 6107)
(brace 9 6106 6108 6107 6108)
(newcommand 0 6109 6127 6121 6126)
(brace 8 6119 6121 6120 6121)
(brace 9 6125 6127 6126 6127)
(brace 8 6129 6131 6130 6131)
(brace 8 6141 6143 6142 6143)
(brace 9 6166 6168 6167 6168)
(brace 9 6167 6169 6168 6169)
(newcommand 0 6170 6188 6182 6187)
(brace 8 6180 6182 6181 6182)
(brace 9 6186 6188 6187 6188)
(brace 8 6190 6192 6191 6192)
(brace 8 6202 6204 6203 6204)
(brace 8 6210 6212 6211 6212)
(brace 9 6214 6216 6215 6216)
(brace 8 6216 6218 6217 6218)
(brace 9 6219 6221 6220 6221)
(brace 8 6221 6223 6222 6223)
(brace 9 6224 6226 6225 6226)
(brace 9 6229 6231 6230 6231)
(brace 9 6230 6232 6231 6232)
(newcommand 0 6233 6250 6245 6249)
(brace 8 6243 6245 6244 6245)
(brace 9 6248 6250 6249 6250)
(brace 8 6252 6254 6253 6254)
(brace 8 6258 6260 6259 6260)
(brace 9 6261 6263 6262 6263)
(brace 8 6262 6264 6263 6264)
(brace 9 6263 6265 6264 6265)
(brace 8 6264 6266 6265 6266)
(brace 9 6267 6269 6268 6269)
(brace 9 6268 6270 6269 6270)
(newcommand 0 6271 6287 6283 6286)
(brace 8 6281 6283 6282 6283)
(brace 9 6285 6287 6286 6287)
(brace 8 6286 6288 6287 6288)
(brace 8 6298 6300 6299 6300)
(brace 8 6306 6308 6307 6308)
(brace 9 6309 6311 6310 6311)
(brace 9 6310 6312 6311 6312)
(brace 9 6311 6313 6312 6313)
(brace 8 6326 6328 6327 6328)
(brace 9 6329 6331 6330 6331)
(brace 8 6330 6332 6331 6332)
(brace 8 6342 6344 6343 6344)
(brace 8 6350 6352 6351 6352)
(brace 9 6352 6354 6353 6354)
(brace 9 6353 6355 6354 6355)
(brace 9 6354 6356 6355 6356)
(brace 8 6369 6371 6370 6371)
(brace 9 6374 6376 6375 6376)
(brace 8 6375 6377 6376 6377)
(brace 9 6385 6387 6386 6387)
(brace 8 6400 6402 6401 6402)
(brace 9 6405 6407 6406 6407)
(brace 8 6406 6408 6407 6408)
(brace 9 6416 6418 6417 6418)
(1 0 6421 6442 6433 6441)
(brace 0 6421 6433 6421 6433)
(brace 9 6440 6442 6441 6442)
(brace 8 6456 6458 6457 6458)
(brace 9 6464 6466 6465 6466)
(brace 8 6465 6467 6466 6467)
(brace 8 6477 6479 6478 6479)
(brace 9 6491 6493 6492 6493)
(brace 8 6492 6494 6493 6494)
(brace 8 6518 6520 6519 6520)
(brace 9 6523 6525 6524 6525)
(brace 9 6532 6534 6533 6534)
(brace 8 6533 6535 6534 6535)
(brace 8 6547 6549 6548 6549)
(brace 9 6552 6554 6553 6554)
(brace 8 6553 6555 6554 6555)
(brace 9 6556 6558 6557 6558)
(brace 8 6582 6584 6583 6584)
(brace 9 6587 6589 6588 6589)
(brace 9 6596 6598 6597 6598)
(brace 9 6597 6599 6598 6599)
(preamble 1 6601 6617 6601 6617)
(environment 2 6601 6617 6601 6617)
(brace 3 6601 6608 6601 6608)
(brace 9 6615 6617 6616 6617)
(comment 0 6621 6622 6621 6622)
(brace 8 6726 6728 6727 6728)
(brace 8 6727 6729 6728 6729)
(brace 9 6785 6787 6786 6787)
(brace 9 6786 6788 6787 6788)
(brace 8 6787 6789 6788 6789)
(brace 9 6788 6790 6789 6790)
(brace 8 6794 6796 6795 6796)
(brace 8 6795 6797 6796 6797)
(brace 9 6829 6831 6830 6831)
(brace 9 6830 6832 6831 6832)
(brace 8 6856 6858 6857 6858)
(brace 8 6857 6859 6858 6859)
(brace 9 6890 6892 6891 6892)
(brace 9 6891 6893 6892 6893)
(brace 8 6892 6894 6893 6894)
(brace 9 6893 6895 6894 6895)
(brace 8 6894 6896 6895 6896)
(brace 8 6895 6897 6896 6897)
(brace 9 6939 6941 6940 6941)
(brace 9 6940 6942 6941 6942)
(brace 8 6963 6965 6964 6965)
(brace 8 6964 6966 6965 6966)
(brace 9 7056 7058 7057 7058)
(brace 9 7057 7059 7058 7059)
(comment 0 7061 7062 7061 7062)
(brace 8 7078 7080 7079 7080)
(brace 8 7079 7081 7080 7081)
(brace 9 7098 7100 7099 7100)
(brace 9 7099 7101 7100 7101)
(comment 0 7102 7103 7102 7103)
(comment 0 7198 7199 7198 7199)
(comment 0 7290 7291 7290 7291)
(comment 0 7384 7385 7384 7385)
(environment 2 7407 7419 7407 7419)
(brace 3 7407 7415 7408 7415)
(brace 9 7417 7419 7418 7419)
(environment 2 7465 7482 7465 7482)
(brace 3 7465 7472 7465 7472)
(brace 9 7480 7482 7481 7482)
(inline-math 0 7561 7562 7561 7562)
(inline-math 0 7563 7564 7563 7564)
(inline-math 0 7702 7703 7702 7703)
(inline-math 0 7724 7725 7724 7725)
(inline-math 0 7736 7737 7736 7737)
(inline-math 0 7746 7747 7746 7747)
(environment 3 7752 7767 7752 7767)
(brace 4 7752 7757 7752 7757)
(brace 9 7765 7767 7766 7767)
(environment 3 7770 7780 7770 7780)
(brace 4 7770 7776 7771 7776)
(brace 9 7778 7780 7779 7780)
(environment 2 7792 7803 7792 7803)
(brace 3 7792 7799 7792 7799)
(brace 9 7801 7803 7802 7803)
(environment 2 7829 7847 7829 7847)
(brace 3 7829 7837 7830 7837)
(brace 9 7845 7847 7846 7847)
(inline-math 0 7921 7922 7921 7922)
(brace 8 7924 7926 7925 7926)
(brace 9 7926 7928 7927 7928)
(inline-math 0 7929 7930 7929 7930)
(inline-math 0 7945 7946 7945 7946)
(brace 8 7948 7950 7949 7950)
(brace 9 7952 7954 7953 7954)
(brace 8 7956 7958 7957 7958)
(brace 9 7958 7960 7959 7960)
(inline-math 0 7974 7975 7974 7975)
(inline-math 0 8009 8010 8009 8010)
(inline-math 0 8011 8012 8011 8012)
(inline-math 0 8038 8039 8038 8039)
(inline-math 0 8042 8043 8042 8043)
(inline-math 0 8047 8048 8047 8048)
(inline-math 0 8060 8061 8060 8061)
(inline-math 0 8108 8109 8108 8109)
(brace 8 8111 8113 8112 8113)
(brace 9 8113 8115 8114 8115)
(brace 8 8116 8118 8117 8118)
(brace 9 8125 8127 8126 8127)
(inline-math 0 8127 8128 8127 8128)
(inline-math 0 8141 8142 8141 8142)
(brace 8 8143 8145 8144 8145)
(brace 9 8145 8147 8146 8147)
(inline-math 0 8153 8154 8153 8154)
(inline-math 0 8158 8159 8158 8159)
(brace 8 8160 8162 8161 8162)
(brace 9 8164 8166 8165 8166)
(brace 8 8170 8172 8171 8172)
(brace 9 8172 8174 8173 8174)
(inline-math 0 8175 8176 8175 8176)
(inline-math 0 8195 8196 8195 8196)
(brace 8 8198 8200 8199 8200)
(brace 9 8202 8204 8203 8204)
(brace 8 8206 8208 8207 8208)
(brace 9 8208 8210 8209 8210)
(inline-math 0 8217 8218 8217 8218)
(inline-math 0 8241 8242 8241 8242)
(brace 8 8244 8246 8245 8246)
(brace 9 8246 8248 8247 8248)
(inline-math 0 8249 8250 8249 8250)
(environment 3 8263 8279 8263 8279)
(brace 4 8263 8269 8264 8269)
(brace 9 8277 8279 8278 8279)
(environment 3 8282 8292 8282 8292)
(brace 4 8282 8288 8283 8288)
(brace 9 8290 8292 8291 8292)
(environment 2 8304 8315 8304 8315)
(brace 3 8304 8311 8304 8311)
(brace 9 8313 8315 8314 8315)
(environment 2 8360 8377 8360 8377)
(brace 3 8360 8367 8360 8367)
(brace 9 8375 8377 8376 8377)
(inline-math 0 8401 8402 8401 8402)
(inline-math 0 8403 8404 8403 8404)
(inline-math 0 8438 8439 8438 8439)
(inline-math 0 8478 8479 8478 8479)
(inline-math 0 8495 8496 8495 8496)
(inline-math 0 8497 8498 8497 8498)
(inline-math 0 8589 8590 8589 8590)
(inline-math 0 8595 8596 8595 8596)
(inline-math 0 8656 8657 8656 8657)
(brace 8 8659 8661 8660 8661)
(brace 9 8661 8663 8662 8663)
(brace 8 8664 8666 8665 8666)
(brace 9 8674 8676 8675 8676)
(inline-math 0 8676 8677 8676 8677)
(inline-math 0 8710 8711 8710 8711)
(inline-math 0 8712 8713 8712 8713)
(inline-math 0 8725 8726 8725 8726)
(brace 8 8730 8732 8731 8732)
(brace 9 8752 8754 8753 8754)
(brace 8 8763 8765 8764 8765)
(brace 9 8765 8767 8766 8767)
(inline-math 0 8770 8771 8770 8771)
(inline-math 0 8807 8808 8807 8808)
(inline-math 0 8813 8814 8813 8814)
(inline-math 0 8854 8855 8854 8855)
(inline-math 0 8875 8876 8875 8876)
(inline-math 0 8903 8904 8903 8904)
(inline-math 0 8915 8916 8915 8916)
(inline-math 0 8923 8924 8923 8924)
(brace 8 8933 8935 8934 8935)
(brace 9 8935 8937 8936 8937)
(inline-math 0 8937 8938 8937 8938)
(inline-math 0 8948 8949 8948 8949)
(brace 8 8950 8952 8951 8952)
(brace 9 8952 8954 8953 8954)
(inline-math 0 8988 8989 8988 8989)
(environment 2 8992 9010 8992 9010)
(brace 3 8992 9000 8993 9000)
(brace 9 9008 9010 9009 9010)
(inline-math 0 9046 9047 9046 9047)
(brace 8 9050 9052 9051 9052)
(brace 9 9052 9054 9053 9054)
(brace 8 9065 9067 9066 9067)
(brace 9 9068 9070 9069 9070)
(inline-math 0 9070 9071 9070 9071)
(inline-math 0 9100 9101 9100 9101)
(brace 8 9110 9112 9111 9112)
(brace 9 9112 9114 9113 9114)
(brace 8 9114 9116 9115 9116)
(brace 9 9119 9121 9120 9121)
(inline-math 0 9121 9122 9121 9122)
(inline-math 0 9124 9125 9124 9125)
(brace 8 9126 9128 9127 9128)
(brace 9 9128 9130 9129 9130)
(inline-math 0 9130 9131 9130 9131)
(inline-math 0 9166 9167 9166 9167)
(inline-math 0 9168 9169 9168 9169)
(inline-math 0 9185 9186 9185 9186)
(brace 8 9195 9197 9196 9197)
(brace 9 9197 9199 9198 9199)
(inline-math 0 9199 9200 9199 9200)
(inline-math 0 9214 9215 9214 9215)
(inline-math 0 9257 9258 9257 9258)
(inline-math 0 9277 9278 9277 9278)
(brace 8 9286 9288 9287 9288)
(brace 9 9288 9290 9289 9290)
(brace 8 9300 9302 9301 9302)
(brace 9 9303 9305 9304 9305)
(brace 8 9304 9306 9305 9306)
(brace 9 9308 9310 9309 9310)
(inline-math 0 9310 9311 9310 9311)
(inline-math 0 9333 9334 9333 9334)
(brace 8 9335 9337 9336 9337)
(brace 9 9337 9339 9338 9339)
(brace 8 9347 9349 9348 9349)
(brace 8 9358 9360 9359 9360)
(brace 9 9363 9365 9364 9365)
(brace 9 9364 9366 9365 9366)
(brace 8 9368 9370 9369 9370)
(brace 9 9372 9374 9373 9374)
(inline-math 0 9374 9375 9374 9375)
(inline-math 0 9395 9396 9395 9396)
(brace 8 9397 9399 9398 9399)
(brace 9 9399 9401 9400 9401)
(inline-math 0 9401 9402 9401 9402)
(environment 3 9418 9434 9418 9434)
(brace 4 9418 9424 9419 9424)
(brace 9 9432 9434 9433 9434)
(environment 3 9436 9451 9436 9451)
(brace 4 9436 9441 9436 9441)
(brace 9 9449 9451 9450 9451)
(environment 3 9454 9464 9454 9464)
(brace 4 9454 9460 9455 9460)
(brace 9 9462 9464 9463 9464)
(environment 2 9475 9486 9475 9486)
(brace 3 9475 9482 9475 9482)
(brace 9 9484 9486 9485 9486)
(inline-math 0 9501 9502 9501 9502)
(brace 8 9503 9505 9504 9505)
(brace 9 9507 9509 9508 9509)
(inline-math 0 9516 9517 9516 9517)
(inline-math 0 9526 9527 9526 9527)
(inline-math 0 9540 9541 9540 9541)
(inline-math 0 9565 9566 9565 9566)
(brace 8 9567 9569 9568 9569)
(brace 9 9569 9571 9570 9571)
(inline-math 0 9571 9572 9571 9572)
(inline-math 0 9598 9599 9598 9599)
(inline-math 0 9600 9601 9600 9601)
(inline-math 0 9605 9606 9605 9606)
(inline-math 0 9613 9614 9613 9614)
(inline-math 0 9632 9633 9632 9633)
(inline-math 0 9634 9635 9634 9635)
(environment 2 9639 9656 9639 9656)
(brace 3 9639 9646 9639 9646)
(brace 9 9654 9656 9655 9656)
(inline-math 0 9679 9680 9679 9680)
(inline-math 0 9691 9692 9691 9692)
(inline-math 0 9735 9736 9735 9736)
(inline-math 0 9737 9738 9737 9738)
(inline-math 0 9750 9751 9750 9751)
(inline-math 0 9752 9753 9752 9753)
(inline-math 0 9764 9765 9764 9765)
(inline-math 0 9766 9767 9766 9767)
(inline-math 0 9787 9788 9787 9788)
(inline-math 0 9797 9798 9797 9798)
(inline-math 0 9822 9823 9822 9823)
(inline-math 0 9832 9833 9832 9833)
(inline-math 0 9837 9838 9837 9838)
(brace 8 9847 9849 9848 9849)
(brace 9 9851 9853 9852 9853)
(inline-math 0 9854 9855 9854 9855)
(inline-math 0 9861 9862 9861 9862)
(inline-math 0 9870 9871 9870 9871)
(inline-math 0 9886 9887 9886 9887)
(inline-math 0 9888 9889 9888 9889)
(inline-math 0 9968 9969 9968 9969)
(inline-math 0 9971 9972 9971 9972)
(inline-math 0 9993 9994 9993 9994)
(inline-math 0 9995 9996 9995 9996)
(inline-math 0 10013 10014 10013 10014)
(inline-math 0 10024 10025 10024 10025)
(inline-math 0 10032 10033 10032 10033)
(inline-math 0 10043 10044 10043 10044)
(inline-math 0 10055 10056 10055 10056)
(inline-math 0 10065 10066 10065 10066)
(inline-math 0 10075 10076 10075 10076)
(brace 8 10077 10079 10078 10079)
(brace 9 10081 10083 10082 10083)
(inline-math 0 10104 10105 10104 10105)
(inline-math 0 10183 10184 10183 10184)
(inline-math 0 10185 10186 10185 10186)
(inline-math 0 10201 10202 10201 10202)
(brace 8 10203 10205 10204 10205)
(brace 9 10205 10207 10206 10207)
(inline-math 0 10207 10208 10207 10208)
(inline-math 0 10213 10214 10213 10214)
(inline-math 0 10223 10224 10223 10224)
(inline-math 0 10232 10233 10232 10233)
(inline-math 0 10236 10237 10236 10237)
(inline-math 0 10258 10259 10258 10259)
(inline-math 0 10260 10261 10260 10261)
(inline-math 0 10280 10281 10280 10281)
(inline-math 0 10290 10291 10290 10291)
(inline-math 0 10295 10296 10295 10296)
(inline-math 0 10306 10307 10306 10307)
(inline-math 0 10314 10315 10314 10315)
(inline-math 0 10325 10326 10325 10326)
(inline-math 0 10337 10338 10337 10338)
(inline-math 0 10347 10348 10347 10348)
(inline-math 0 10356 10357 10356 10357)
(brace 8 10358 10360 10359 10360)
(brace 9 10362 10364 10363 10364)
(brace 8 10376 10378 10377 10378)
(brace 9 10383 10385 10384 10385)
(brace 8 10384 10386 10385 10386)
(brace 9 10386 10388 10387 10388)
(inline-math 0 10397 10398 10397 10398)
(inline-math 0 10423 10424 10423 10424)
(inline-math 0 10435 10436 10435 10436)
(inline-math 0 10479 10480 10479 10480)
(inline-math 0 10481 10482 10481 10482)
(inline-math 0 10493 10494 10493 10494)
(inline-math 0 10495 10496 10495 10496)
(inline-math 0 10515 10516 10515 10516)
(inline-math 0 10525 10526 10525 10526)
(inline-math 0 10530 10531 10530 10531)
(inline-math 0 10541 10542 10541 10542)
(inline-math 0 10553 10554 10553 10554)
(brace 8 10559 10561 10560 10561)
(brace 9 10568 10570 10569 10570)
(inline-math 0 10570 10571 10570 10571)
(inline-math 0 10580 10581 10580 10581)
(inline-math 0 10582 10583 10582 10583)
(environment 3 10587 10602 10587 10602)
(brace 4 10587 10592 10587 10592)
(brace 9 10600 10602 10601 10602)
(environment 3 10605 10615 10605 10615)
(brace 4 10605 10611 10606 10611)
(brace 9 10613 10615 10614 10615)
(environment 2 10626 10637 10626 10637)
(brace 3 10626 10633 10626 10633)
(brace 9 10635 10637 10636 10637)
(inline-math 0 10681 10682 10681 10682)
(inline-math 0 10687 10688 10687 10688)
(inline-math 0 10719 10720 10719 10720)
(inline-math 0 10733 10734 10733 10734)
(inline-math 0 10784 10785 10784 10785)
(inline-math 0 10788 10789 10788 10789)
(inline-math 0 10810 10811 10810 10811)
(inline-math 0 10814 10815 10814 10815)
(environment 2 10818 10835 10818 10835)
(brace 3 10818 10825 10818 10825)
(brace 9 10833 10835 10834 10835)
(inline-math 0 10858 10859 10858 10859)
(brace 8 10864 10866 10865 10866)
(brace 9 10874 10876 10875 10876)
(inline-math 0 10876 10877 10876 10877)
(inline-math 0 10905 10906 10905 10906)
(inline-math 0 10907 10908 10907 10908)
(inline-math 0 10913 10914 10913 10914)
(inline-math 0 10915 10916 10915 10916)
(environment 2 10918 10936 10918 10936)
(brace 3 10918 10926 10919 10926)
(brace 9 10934 10936 10935 10936)
(inline-math 0 10973 10974 10973 10974)
(brace 8 10979 10981 10980 10981)
(brace 9 10989 10991 10990 10991)
(inline-math 0 10991 10992 10991 10992)
(inline-math 0 11008 11009 11008 11009)
(inline-math 0 11012 11013 11012 11013)
(inline-math 0 11028 11029 11028 11029)
(inline-math 0 11032 11033 11032 11033)
(inline-math 0 11057 11058 11057 11058)
(inline-math 0 11059 11060 11059 11060)
(inline-math 0 11084 11085 11084 11085)
(brace 8 11093 11095 11094 11095)
(brace 9 11103 11105 11104 11105)
(inline-math 0 11105 11106 11105 11106)
(inline-math 0 11122 11123 11122 11123)
(inline-math 0 11126 11127 11126 11127)
(inline-math 0 11142 11143 11142 11143)
(inline-math 0 11146 11147 11146 11147)
(inline-math 0 11171 11172 11171 11172)
(inline-math 0 11173 11174 11173 11174)
(inline-math 0 11198 11199 11198 11199)
(inline-math 0 11200 11201 11200 11201)
(inline-math 0 11232 11233 11232 11233)
(brace 8 11238 11240 11239 11240)
(brace 9 11248 11250 11249 11250)
(inline-math 0 11250 11251 11250 11251)
(inline-math 0 11289 11290 11289 11290)
(inline-math 0 11291 11292 11291 11292)
(environment 3 11295 11310 11295 11310)
(brace 4 11295 11300 11295 11300)
(brace 9 11308 11310 11309 11310)
(inline-math 0 11343 11344 11343 11344)
(brace 8 11349 11351 11350 11351)
(brace 9 11359 11361 11360 11361)
(inline-math 0 11361 11362 11361 11362)
(inline-math 0 11388 11389 11388 11389)
(inline-math 0 11390 11391 11390 11391)
(inline-math 0 11396 11397 11396 11397)
(inline-math 0 11398 11399 11398 11399)
(inline-math 0 11435 11436 11435 11436)
(inline-math 0 11445 11446 11445 11446)
(inline-math 0 11458 11459 11458 11459)
(inline-math 0 11468 11469 11468 11469)
(inline-math 0 11471 11472 11471 11472)
(inline-math 0 11475 11476 11475 11476)
(inline-math 0 11482 11483 11482 11483)
(inline-math 0 11489 11490 11489 11490)
(environment 2 11507 11524 11507 11524)
(brace 3 11507 11514 11507 11514)
(brace 9 11522 11524 11523 11524)
(inline-math 0 11559 11560 11559 11560)
(inline-math 0 11561 11562 11561 11562)
(inline-math 0 11567 11568 11567 11568)
(inline-math 0 11574 11575 11574 11575)
(inline-math 0 11601 11602 11601 11602)
(brace 8 11607 11609 11608 11609)
(brace 9 11617 11619 11618 11619)
(inline-math 0 11619 11620 11619 11620)
(inline-math 0 11635 11636 11635 11636)
(inline-math 0 11639 11640 11639 11640)
(inline-math 0 11647 11648 11647 11648)
(inline-math 0 11651 11652 11651 11652)
(inline-math 0 11674 11675 11674 11675)
(inline-math 0 11676 11677 11676 11677)
(inline-math 0 11697 11698 11697 11698)
(inline-math 0 11708 11709 11708 11709)
(inline-math 0 11723 11724 11723 11724)
(brace 8 11729 11731 11730 11731)
(brace 9 11738 11740 11739 11740)
(inline-math 0 11740 11741 11740 11741)
(inline-math 0 11779 11780 11779 11780)
(inline-math 0 11781 11782 11781 11782)
(inline-math 0 11833 11834 11833 11834)
(inline-math 0 11844 11845 11844 11845)
(inline-math 0 11863 11864 11863 11864)
(inline-math 0 11876 11877 11876 11877)
(inline-math 0 11888 11889 11888 11889)
(inline-math 0 11898 11899 11898 11899)
(inline-math 0 11904 11905 11904 11905)
(inline-math 0 11908 11909 11908 11909)
(inline-math 0 11914 11915 11914 11915)
(inline-math 0 11923 11924 11923 11924)
(inline-math 0 11975 11976 11975 11976)
(inline-math 0 11999 12000 11999 12000)
(inline-math 0 12013 12014 12013 12014)
(inline-math 0 12014 12015 12014 12015)
(brace 8 12024 12026 12025 12026)
(brace 9 12034 12036 12035 12036)
(inline-math 0 12080 12081 12080 12081)
(inline-math 0 12081 12082 12081 12082)
(brace 8 12089 12091 12090 12091)
(brace 9 12106 12108 12107 12108)
(inline-math 0 12116 12117 12116 12117)
(inline-math 0 12118 12119 12118 12119)
(inline-math 0 12222 12223 12222 12223)
(inline-math 0 12226 12227 12226 12227)
(inline-math 0 12258 12259 12258 12259)
(inline-math 0 12260 12261 12260 12261)
(inline-math 0 12291 12292 12291 12292)
(inline-math 0 12335 12336 12335 12336)
(inline-math 0 12347 12348 12347 12348)
(inline-math 0 12357 12358 12357 12358)
(inline-math 0 12373 12374 12373 12374)
(inline-math 0 12375 12376 12375 12376)
(inline-math 0 12425 12426 12425 12426)
(brace 8 12431 12433 12432 12433)
(brace 9 12441 12443 12442 12443)
(inline-math 0 12443 12444 12443 12444)
(inline-math 0 12459 12460 12459 12460)
(inline-math 0 12461 12462 12461 12462)
(inline-math 0 12480 12481 12480 12481)
(inline-math 0 12511 12512 12511 12512)
(inline-math 0 12588 12589 12588 12589)
(inline-math 0 12592 12593 12592 12593)
(environment 3 12677 12692 12677 12692)
(brace 4 12677 12682 12677 12682)
(brace 9 12690 12692 12691 12692)
(environment 3 12693 12708 12693 12708)
(brace 4 12693 12698 12693 12698)
(brace 9 12706 12708 12707 12708)
(environment 3 12711 12721 12711 12721)
(brace 4 12711 12717 12712 12717)
(brace 9 12719 12721 12720 12721)
(environment 2 12733 12744 12733 12744)
(brace 3 12733 12740 12733 12740)
(brace 9 12742 12744 12743 12744)
(comment 0 12768 12769 12768 12769)
(brace 8 12775 12777 12776 12777)
(brace 9 12828 12830 12829 12830)
(environment 2 12831 12848 12831 12848)
(brace 3 12831 12838 12831 12838)
(brace 9 12846 12848 12847 12848)
(inline-math 0 12863 12864 12863 12864)
(inline-math 0 12869 12870 12869 12870)
(inline-math 0 12910 12911 12910 12911)
(inline-math 0 12930 12931 12930 12931)
(inline-math 0 13005 13006 13005 13006)
(inline-math 0 13015 13016 13015 13016)
(inline-math 0 13020 13021 13020 13021)
(inline-math 0 13037 13038 13037 13038)
(inline-math 0 13051 13052 13051 13052)
(inline-math 0 13087 13088 13087 13088)
(inline-math 0 13100 13101 13100 13101)
(inline-math 0 13110 13111 13110 13111)
(inline-math 0 13130 13131 13130 13131)
(inline-math 0 13134 13135 13134 13135)
(inline-math 0 13170 13171 13170 13171)
(inline-math 0 13172 13173 13172 13173)
(inline-math 0 13197 13198 13197 13198)
(inline-math 0 13201 13202 13201 13202)
(inline-math 0 13221 13222 13221 13222)
(inline-math 0 13229 13230 13229 13230)
(inline-math 0 13253 13254 13253 13254)
(inline-math 0 13260 13261 13260 13261)
(inline-math 0 13265 13266 13265 13266)
(brace 8 13267 13269 13268 13269)
(brace 9 13271 13273 13272 13273)
(inline-math 0 13282 13283 13282 13283)
(inline-math 0 13298 13299 13298 13299)
(inline-math 0 13302 13303 13302 13303)
(brace 8 13318 13320 13319 13320)
(brace 9 13330 13332 13331 13332)
(inline-math 0 13342 13343 13342 13343)
(inline-math 0 13354 13355 13354 13355)
(inline-math 0 13359 13360 13359 13360)
(inline-math 0 13369 13370 13369 13370)
(inline-math 0 13420 13421 13420 13421)
(inline-math 0 13443 13444 13443 13444)
(inline-math 0 13470 13471 13470 13471)
(inline-math 0 13475 13476 13475 13476)
(inline-math 0 13502 13503 13502 13503)
(inline-math 0 13504 13505 13504 13505)
(inline-math 0 13511 13512 13511 13512)
(inline-math 0 13515 13516 13515 13516)
(environment 2 13518 13535 13518 13535)
(brace 3 13518 13525 13518 13525)
(brace 9 13533 13535 13534 13535)
(inline-math 0 13573 13574 13573 13574)
(brace 8 13593 13595 13594 13595)
(brace 9 13600 13602 13601 13602)
(inline-math 0 13606 13607 13606 13607)
(inline-math 0 13662 13663 13662 13663)
(inline-math 0 13676 13677 13676 13677)
(inline-math 0 13688 13689 13688 13689)
(inline-math 0 13689 13690 13689 13690)
(brace 8 13711 13713 13712 13713)
(brace 9 13713 13715 13714 13715)
(brace 8 13715 13717 13716 13717)
(brace 9 13717 13719 13718 13719)
(inline-math 0 13738 13739 13738 13739)
(inline-math 0 13739 13740 13739 13740)
(inline-math 0 13800 13801 13800 13801)
(inline-math 0 13814 13815 13814 13815)
(inline-math 0 13827 13828 13827 13828)
(inline-math 0 13828 13829 13828 13829)
(brace 8 13850 13852 13851 13852)
(brace 9 13852 13854 13853 13854)
(brace 8 13854 13856 13855 13856)
(brace 9 13856 13858 13857 13858)
(inline-math 0 13877 13878 13877 13878)
(inline-math 0 13878 13879 13878 13879)
(environment 3 13881 13896 13881 13896)
(brace 4 13881 13886 13881 13886)
(brace 9 13894 13896 13895 13896)
(environment 3 13898 13913 13898 13913)
(brace 4 13898 13903 13898 13903)
(brace 9 13911 13913 13912 13913)
(environment 3 13916 13926 13916 13926)
(brace 4 13916 13922 13917 13922)
(brace 9 13924 13926 13925 13926)
(environment 2 13937 13948 13937 13948)
(brace 3 13937 13944 13937 13944)
(brace 9 13946 13948 13947 13948)
(inline-math 0 13998 13999 13998 13999)
(inline-math 0 14000 14001 14000 14001)
(inline-math 0 14032 14033 14032 14033)
(inline-math 0 14034 14035 14034 14035)
(inline-math 0 14052 14053 14052 14053)
(inline-math 0 14054 14055 14054 14055)
(inline-math 0 14061 14062 14061 14062)
(inline-math 0 14063 14064 14063 14064)
(display-math 0 14082 14085 14083 14085)
(display-math 1 14156 14159 14157 14159)
(environment 3 14161 14171 14161 14171)
(brace 4 14161 14167 14162 14167)
(brace 9 14169 14171 14170 14171)
(environment 2 14173 14191 14173 14191)
(brace 3 14173 14181 14174 14181)
(brace 9 14189 14191 14190 14191)
(inline-math 0 14212 14213 14212 14213)
(inline-math 0 14214 14215 14214 14215)
(inline-math 0 14257 14258 14257 14258)
(inline-math 0 14267 14268 14267 14268)
(inline-math 0 14281 14282 14281 14282)
(brace 8 14298 14300 14299 14300)
(brace 8 14312 14314 14313 14314)
(brace 9 14314 14316 14315 14316)
(brace 9 14315 14317 14316 14317)
(inline-math 0 14317 14318 14317 14318)
(inline-math 0 14338 14339 14338 14339)
(brace 8 14342 14344 14343 14344)
(brace 9 14346 14348 14347 14348)
(inline-math 0 14355 14356 14355 14356)
(inline-math 0 14370 14371 14370 14371)
(inline-math 0 14390 14391 14390 14391)
(environment 3 14520 14536 14520 14536)
(brace 4 14520 14526 14521 14526)
(brace 9 14534 14536 14535 14536)
(environment 2 14551 14562 14551 14562)
(brace 3 14551 14558 14551 14558)
(brace 9 14560 14562 14561 14562)
(inline-math 0 14592 14593 14592 14593)
(inline-math 0 14594 14595 14594 14595)
(inline-math 0 14610 14611 14610 14611)
(brace 8 14617 14619 14618 14619)
(brace 9 14619 14621 14620 14621)
(inline-math 0 14621 14622 14621 14622)
(inline-math 0 14626 14627 14626 14627)
(inline-math 0 14647 14648 14647 14648)
(inline-math 0 14680 14681 14680 14681)
(inline-math 0 14688 14689 14688 14689)
(inline-math 0 14702 14703 14702 14703)
(inline-math 0 14704 14705 14704 14705)
(inline-math 0 14740 14741 14740 14741)
(brace 8 14742 14744 14743 14744)
(brace 9 14744 14746 14745 14746)
(inline-math 0 14751 14752 14751 14752)
(inline-math 0 14756 14757 14756 14757)
(brace 8 14758 14760 14759 14760)
(brace 9 14760 14762 14761 14762)
(inline-math 0 14771 14772 14771 14772)
(inline-math 0 14783 14784 14783 14784)
(inline-math 0 14802 14803 14802 14803)
(environment 2 14807 14824 14807 14824)
(brace 3 14807 14814 14807 14814)
(brace 9 14822 14824 14823 14824)
(inline-math 0 14835 14836 14835 14836)
(inline-math 0 14837 14838 14837 14838)
(inline-math 0 14866 14867 14866 14867)
(inline-math 0 14871 14872 14871 14872)
(inline-math 0 14906 14907 14906 14907)
(inline-math 0 14917 14918 14917 14918)
(inline-math 0 14927 14928 14927 14928)
(inline-math 0 14934 14935 14934 14935)
(inline-math 0 14959 14960 14959 14960)
(brace 8 14961 14963 14962 14963)
(brace 9 14963 14965 14964 14965)
(inline-math 0 14974 14975 14974 14975)
(inline-math 0 14988 14989 14988 14989)
(brace 8 14990 14992 14991 14992)
(brace 9 14992 14994 14993 14994)
(brace 8 15005 15007 15006 15007)
(brace 9 15007 15009 15008 15009)
(inline-math 0 15010 15011 15010 15011)
(inline-math 0 15018 15019 15018 15019)
(inline-math 0 15020 15021 15020 15021)
(inline-math 0 15047 15048 15047 15048)
(brace 8 15049 15051 15050 15051)
(brace 9 15051 15053 15052 15053)
(inline-math 0 15053 15054 15053 15054)
(inline-math 0 15067 15068 15067 15068)
(brace 8 15069 15071 15070 15071)
(brace 9 15071 15073 15072 15073)
(inline-math 0 15073 15074 15073 15074)
(inline-math 0 15078 15079 15078 15079)
(brace 8 15080 15082 15081 15082)
(brace 9 15082 15084 15083 15084)
(inline-math 0 15084 15085 15084 15085)
(inline-math 0 15120 15121 15120 15121)
(inline-math 0 15122 15123 15122 15123)
(inline-math 0 15133 15134 15133 15134)
(brace 8 15135 15137 15136 15137)
(brace 9 15137 15139 15138 15139)
(brace 8 15150 15152 15151 15152)
(brace 9 15152 15154 15153 15154)
(inline-math 0 15155 15156 15155 15156)
(inline-math 0 15194 15195 15194 15195)
(brace 8 15196 15198 15197 15198)
(brace 9 15198 15200 15199 15200)
(brace 8 15213 15215 15214 15215)
(brace 9 15215 15217 15216 15217)
(inline-math 0 15217 15218 15217 15218)
(inline-math 0 15249 15250 15249 15250)
(brace 8 15251 15253 15252 15253)
(brace 9 15253 15255 15254 15255)
(brace 8 15257 15259 15258 15259)
(brace 9 15259 15261 15260 15261)
(inline-math 0 15270 15271 15270 15271)
(inline-math 0 15282 15283 15282 15283)
(brace 8 15284 15286 15285 15286)
(brace 9 15286 15288 15287 15288)
(brace 8 15301 15303 15302 15303)
(brace 9 15303 15305 15304 15305)
(brace 8 15319 15321 15320 15321)
(brace 9 15321 15323 15322 15323)
(inline-math 0 15323 15324 15323 15324)
(inline-math 0 15332 15333 15332 15333)
(brace 8 15334 15336 15335 15336)
(brace 9 15336 15338 15337 15338)
(inline-math 0 15338 15339 15338 15339)
(inline-math 0 15360 15361 15360 15361)
(brace 8 15362 15364 15363 15364)
(brace 9 15364 15366 15365 15366)
(brace 8 15372 15374 15373 15374)
(brace 9 15374 15376 15375 15376)
(inline-math 0 15376 15377 15376 15377)
(inline-math 0 15386 15387 15386 15387)
(brace 8 15390 15392 15391 15392)
(brace 9 15392 15394 15393 15394)
(brace 8 15401 15403 15402 15403)
(brace 9 15403 15405 15404 15405)
(inline-math 0 15405 15406 15405 15406)
(inline-math 0 15445 15446 15445 15446)
(brace 8 15447 15449 15448 15449)
(brace 9 15449 15451 15450 15451)
(brace 8 15464 15466 15465 15466)
(brace 9 15466 15468 15467 15468)
(brace 8 15497 15499 15498 15499)
(brace 9 15501 15503 15502 15503)
(brace 8 15517 15519 15518 15519)
(brace 9 15519 15521 15520 15521)
(inline-math 0 15521 15522 15521 15522)
(inline-math 0 15530 15531 15530 15531)
(brace 8 15532 15534 15533 15534)
(brace 9 15534 15536 15535 15536)
(inline-math 0 15536 15537 15536 15537)
(inline-math 0 15566 15567 15566 15567)
(brace 8 15568 15570 15569 15570)
(brace 9 15570 15572 15571 15572)
(brace 8 15574 15576 15575 15576)
(brace 9 15576 15578 15577 15578)
(brace 8 15585 15587 15586 15587)
(brace 9 15587 15589 15588 15589)
(inline-math 0 15589 15590 15589 15590)
(inline-math 0 15601 15602 15601 15602)
(inline-math 0 15620 15621 15620 15621)
(inline-math 0 15645 15646 15645 15646)
(inline-math 0 15647 15648 15647 15648)
(inline-math 0 15677 15678 15677 15678)
(inline-math 0 15685 15686 15685 15686)
(inline-math 0 15696 15697 15696 15697)
(inline-math 0 15703 15704 15703 15704)
(inline-math 0 15708 15709 15708 15709)
(brace 8 15712 15714 15713 15714)
(brace 9 15714 15716 15715 15716)
(inline-math 0 15719 15720 15719 15720)
(inline-math 0 15744 15745 15744 15745)
(inline-math 0 15746 15747 15746 15747)
(inline-math 0 15751 15752 15751 15752)
(inline-math 0 15753 15754 15753 15754)
(inline-math 0 15777 15778 15777 15778)
(inline-math 0 15792 15793 15792 15793)
(inline-math 0 15810 15811 15810 15811)
(inline-math 0 15816 15817 15816 15817)
(inline-math 0 15830 15831 15830 15831)
(brace 8 15832 15834 15833 15834)
(brace 9 15834 15836 15835 15836)
(inline-math 0 15842 15843 15842 15843)
(inline-math 0 15847 15848 15847 15848)
(brace 8 15849 15851 15850 15851)
(brace 9 15851 15853 15852 15853)
(inline-math 0 15859 15860 15859 15860)
(inline-math 0 15874 15875 15874 15875)
(brace 8 15876 15878 15877 15878)
(brace 9 15878 15880 15879 15880)
(brace 8 15893 15895 15894 15895)
(brace 9 15895 15897 15896 15897)
(brace 8 15903 15905 15904 15905)
(brace 9 15905 15907 15906 15907)
(brace 8 15920 15922 15921 15922)
(brace 9 15922 15924 15923 15924)
(brace 8 15929 15931 15930 15931)
(brace 9 15931 15933 15932 15933)
(brace 8 15946 15948 15947 15948)
(brace 9 15948 15950 15949 15950)
(inline-math 0 15950 15951 15950 15951)
(inline-math 0 15968 15969 15968 15969)
(inline-math 0 15970 15971 15970 15971)
(inline-math 0 16010 16011 16010 16011)
(inline-math 0 16019 16020 16019 16020)
(inline-math 0 16058 16059 16058 16059)
(inline-math 0 16064 16065 16064 16065)
(brace 8 16159 16161 16160 16161)
(brace 9 16171 16173 16172 16173)
(inline-math 0 16208 16209 16208 16209)
(brace 8 16210 16212 16211 16212)
(brace 9 16212 16214 16213 16214)
(brace 8 16217 16219 16218 16219)
(brace 9 16223 16225 16224 16225)
(inline-math 0 16225 16226 16225 16226)
(inline-math 0 16232 16233 16232 16233)
(inline-math 0 16253 16254 16253 16254)
(environment 3 16257 16272 16257 16272)
(brace 4 16257 16262 16257 16262)
(brace 9 16270 16272 16271 16272)
(environment 3 16275 16285 16275 16285)
(brace 4 16275 16281 16276 16281)
(brace 9 16283 16285 16284 16285)
(environment 2 16296 16307 16296 16307)
(brace 3 16296 16303 16296 16303)
(brace 9 16305 16307 16306 16307)
(inline-math 0 16347 16348 16347 16348)
(inline-math 0 16349 16350 16349 16350)
(inline-math 0 16365 16366 16365 16366)
(brace 8 16372 16374 16373 16374)
(brace 9 16374 16376 16375 16376)
(inline-math 0 16376 16377 16376 16377)
(inline-math 0 16381 16382 16381 16382)
(inline-math 0 16402 16403 16402 16403)
(display-math 0 16446 16449 16447 16449)
(brace 8 16495 16497 16496 16497)
(brace 9 16497 16499 16498 16499)
(brace 8 16504 16506 16505 16506)
(brace 9 16508 16510 16509 16510)
(display-math 1 16519 16522 16520 16522)
(environment 3 16523 16532 16523 16532)
(brace 4 16523 16528 16523 16528)
(brace 9 16530 16532 16531 16532)
(environment 2 16533 16550 16533 16550)
(brace 3 16533 16540 16533 16540)
(brace 9 16548 16550 16549 16550)
(inline-math 0 16569 16570 16569 16570)
(inline-math 0 16571 16572 16571 16572)
(inline-math 0 16609 16610 16609 16610)
(inline-math 0 16611 16612 16611 16612)
(inline-math 0 16640 16641 16640 16641)
(inline-math 0 16649 16650 16649 16650)
(environment 3 16753 16769 16753 16769)
(brace 4 16753 16759 16754 16759)
(brace 9 16767 16769 16768 16769)
(environment 3 16772 16786 16772 16786)
(brace 4 16772 16777 16772 16777)
(brace 9 16784 16786 16785 16786)
(comment 0 16787 16788 16787 16788)
(comment 0 16788 16789 16788 16789)
(comment 0 16789 16790 16789 16790)
(comment 0 16808 16809 16808 16809)
(comment 0 16809 16810 16809 16810)
(comment 0 16810 16811 16810 16811)
(comment 0 16824 16825 16824 16825)
(comment 0 16825 16826 16825 16826)
(comment 0 16826 16827 16826 16827)
(comment 0 16842 16843 16842 16843)
(comment 0 16843 16844 16843 16844)
(comment 0 16844 16845 16844 16845)
