"056e3497f493c79fdcfe88ea2a544bd1"
"1f62ab6ad84ea03c1f257dce43aebab0"
(preamble 0 1 30 1 30)
(0 0 1 30 22 29)
(brace 6 1 22 1 22)
(brace 9 28 30 29 30)
(1 0 31 59 53 58)
(comment 0 31 32 31 32)
(brace 8 51 53 52 53)
(brace 9 57 59 58 59)
(1 0 60 84 76 83)
(brace 8 74 76 75 76)
(brace 9 82 84 83 84)
(comment 0 100 101 100 101)
(1 0 131 159 150 158)
(brace 8 148 150 149 150)
(brace 9 157 159 158 159)
(comment 0 170 171 170 171)
(1 0 204 223 216 222)
(brace 0 204 216 204 216)
(brace 9 221 223 222 223)
(comment 0 244 245 244 245)
(1 0 276 296 288 295)
(brace 0 276 288 276 288)
(brace 9 294 296 295 296)
(comment 0 300 301 300 301)
(1 0 335 356 347 355)
(brace 0 335 347 335 347)
(brace 9 354 356 355 356)
(comment 0 359 360 359 360)
(1 0 390 410 402 409)
(brace 0 390 402 390 402)
(brace 9 408 410 409 410)
(comment 0 430 431 430 431)
(1 0 464 484 476 483)
(brace 0 464 476 464 476)
(brace 9 482 484 483 484)
(1 0 485 506 497 505)
(brace 0 485 497 485 497)
(brace 9 504 506 505 506)
(1 0 507 527 519 526)
(brace 0 507 519 507 519)
(brace 9 525 527 526 527)
(1 0 528 549 540 548)
(brace 0 528 540 528 540)
(brace 9 547 549 548 549)
(comment 0 551 552 551 552)
(brace 8 586 588 587 588)
(brace 9 589 591 590 591)
(brace 8 604 606 605 606)
(brace 9 609 611 610 611)
(brace 8 610 612 611 612)
(brace 9 615 617 616 617)
(brace 8 616 618 617 618)
(brace 9 621 623 622 623)
(brace 8 622 624 623 624)
(brace 9 627 629 628 629)
(brace 8 628 630 629 630)
(brace 9 633 635 634 635)
(brace 8 634 636 635 636)
(brace 9 638 640 639 640)
(brace 8 639 641 640 641)
(brace 9 643 645 644 645)
(brace 8 644 646 645 646)
(brace 9 649 651 650 651)
(comment 0 653 654 653 654)
(brace 8 681 683 682 683)
(brace 9 694 696 695 696)
(brace 8 706 708 707 708)
(brace 9 718 720 719 720)
(brace 8 730 732 731 732)
(brace 9 743 745 744 745)
(brace 8 755 757 756 757)
(brace 9 769 771 770 771)
(newcommand 0 772 802 784 801)
(brace 8 782 784 783 784)
(brace 9 800 802 801 802)
(brace 8 807 809 808 809)
(comment 0 809 810 809 810)
(brace 8 829 831 830 831)
(brace 9 841 843 842 843)
(brace 8 842 844 843 844)
(brace 9 845 847 846 847)
(comment 0 847 848 847 848)
(brace 8 867 869 868 869)
(brace 9 880 882 881 882)
(brace 8 881 883 882 883)
(brace 9 884 886 885 886)
(comment 0 886 887 886 887)
(brace 8 906 908 907 908)
(brace 9 919 921 920 921)
(brace 8 920 922 921 922)
(brace 9 923 925 924 925)
(comment 0 925 926 925 926)
(brace 8 945 947 946 947)
(brace 8 952 954 953 954)
(brace 9 965 967 966 967)
(brace 9 970 972 971 972)
(brace 8 988 990 989 990)
(brace 8 999 1001 1000 1001)
(brace 9 1013 1015 1014 1015)
(brace 8 1014 1016 1015 1016)
(brace 9 1018 1020 1019 1020)
(brace 9 1019 1021 1020 1021)
(brace 8 1020 1022 1021 1022)
(brace 9 1021 1023 1022 1023)
(comment 0 1023 1024 1023 1024)
(brace 8 1043 1045 1044 1045)
(brace 8 1050 1052 1051 1052)
(brace 9 1063 1065 1064 1065)
(brace 9 1068 1070 1069 1070)
(brace 8 1086 1088 1087 1088)
(brace 8 1097 1099 1098 1099)
(brace 9 1111 1113 1112 1113)
(brace 8 1112 1114 1113 1114)
(brace 9 1129 1131 1130 1131)
(brace 9 1130 1132 1131 1132)
(brace 8 1131 1133 1132 1133)
(brace 9 1132 1134 1133 1134)
(comment 0 1134 1135 1134 1135)
(brace 8 1154 1156 1155 1156)
(brace 8 1161 1163 1162 1163)
(brace 9 1174 1176 1175 1176)
(brace 9 1179 1181 1180 1181)
(brace 8 1197 1199 1198 1199)
(brace 8 1208 1210 1209 1210)
(brace 9 1222 1224 1223 1224)
(brace 8 1223 1225 1224 1225)
(brace 9 1238 1240 1239 1240)
(brace 9 1239 1241 1240 1241)
(brace 8 1240 1242 1241 1242)
(brace 9 1241 1243 1242 1243)
(comment 0 1243 1244 1243 1244)
(brace 8 1263 1265 1264 1265)
(brace 8 1270 1272 1271 1272)
(brace 9 1283 1285 1284 1285)
(brace 9 1288 1290 1289 1290)
(brace 8 1306 1308 1307 1308)
(brace 8 1317 1319 1318 1319)
(brace 9 1331 1333 1332 1333)
(brace 8 1332 1334 1333 1334)
(brace 9 1347 1349 1348 1349)
(brace 9 1348 1350 1349 1350)
(brace 8 1349 1351 1350 1351)
(brace 9 1350 1352 1351 1352)
(comment 0 1352 1353 1352 1353)
(brace 8 1372 1374 1373 1374)
(brace 8 1379 1381 1380 1381)
(brace 9 1392 1394 1393 1394)
(brace 9 1397 1399 1398 1399)
(brace 8 1415 1417 1416 1417)
(brace 8 1426 1428 1427 1428)
(brace 9 1440 1442 1441 1442)
(brace 8 1441 1443 1442 1443)
(brace 9 1445 1447 1446 1447)
(brace 9 1446 1448 1447 1448)
(brace 8 1447 1449 1448 1449)
(brace 9 1448 1450 1449 1450)
(comment 0 1450 1451 1450 1451)
(comment 0 1468 1469 1468 1469)
(comment 0 1537 1538 1537 1538)
(comment 0 1596 1597 1596 1597)
(comment 0 1675 1676 1675 1676)
(comment 0 1693 1694 1693 1694)
(comment 0 1730 1731 1730 1731)
(comment 0 1748 1749 1748 1749)
(comment 0 1827 1828 1827 1828)
(brace 8 1853 1855 1854 1855)
(brace 9 1854 1856 1855 1856)
(comment 0 1877 1878 1877 1878)
(comment 0 1895 1896 1895 1896)
(comment 0 1964 1965 1964 1965)
(comment 0 2006 2007 2006 2007)
(brace 9 2011 2013 2012 2013)
(newcommand 0 2014 2035 2026 2034)
(brace 8 2024 2026 2025 2026)
(brace 9 2033 2035 2034 2035)
(brace 8 2040 2042 2041 2042)
(brace 8 2062 2064 2063 2064)
(brace 9 2063 2065 2064 2065)
(brace 8 2064 2066 2065 2066)
(brace 9 2067 2069 2068 2069)
(brace 8 2068 2070 2069 2070)
(brace 9 2069 2071 2070 2071)
(brace 9 2070 2072 2071 2072)
(newcommand 0 2073 2098 2085 2097)
(brace 8 2083 2085 2084 2085)
(brace 9 2096 2098 2097 2098)
(brace 8 2103 2105 2104 2105)
(brace 8 2125 2127 2126 2127)
(brace 9 2128 2130 2129 2130)
(brace 8 2129 2131 2130 2131)
(brace 9 2132 2134 2133 2134)
(brace 8 2133 2135 2134 2135)
(brace 9 2134 2136 2135 2136)
(brace 9 2135 2137 2136 2137)
(newcommand 0 2138 2164 2150 2163)
(brace 8 2148 2150 2149 2150)
(brace 9 2162 2164 2163 2164)
(brace 8 2169 2171 2170 2171)
(brace 8 2191 2193 2192 2193)
(brace 9 2192 2194 2193 2194)
(brace 8 2193 2195 2194 2195)
(brace 9 2196 2198 2197 2198)
(brace 8 2197 2199 2198 2199)
(brace 9 2200 2202 2201 2202)
(brace 9 2201 2203 2202 2203)
(newcommand 0 2204 2234 2216 2233)
(brace 8 2214 2216 2215 2216)
(brace 9 2232 2234 2233 2234)
(brace 8 2239 2241 2240 2241)
(brace 8 2261 2263 2262 2263)
(brace 9 2264 2266 2265 2266)
(brace 8 2265 2267 2266 2267)
(brace 8 2271 2273 2272 2273)
(brace 9 2274 2276 2275 2276)
(brace 9 2275 2277 2276 2277)
(brace 8 2276 2278 2277 2278)
(brace 9 2279 2281 2280 2281)
(brace 9 2280 2282 2281 2282)
(newcommand 0 2284 2304 2296 2303)
(brace 8 2294 2296 2295 2296)
(brace 9 2302 2304 2303 2304)
(brace 8 2306 2308 2307 2308)
(brace 8 2321 2323 2322 2323)
(brace 8 2329 2331 2330 2331)
(brace 9 2332 2334 2333 2334)
(brace 8 2333 2335 2334 2335)
(brace 9 2335 2337 2336 2337)
(brace 9 2337 2339 2338 2339)
(brace 8 2338 2340 2339 2340)
(brace 9 2340 2342 2341 2342)
(brace 8 2341 2343 2342 2343)
(brace 8 2356 2358 2357 2358)
(brace 8 2364 2366 2365 2366)
(brace 9 2367 2369 2368 2369)
(brace 8 2368 2370 2369 2370)
(brace 9 2370 2372 2371 2372)
(brace 9 2372 2374 2373 2374)
(brace 8 2373 2375 2374 2375)
(brace 9 2376 2378 2377 2378)
(brace 8 2377 2379 2378 2379)
(brace 8 2392 2394 2393 2394)
(brace 8 2400 2402 2401 2402)
(brace 9 2403 2405 2404 2405)
(brace 8 2404 2406 2405 2406)
(brace 9 2406 2408 2407 2408)
(brace 9 2408 2410 2409 2410)
(brace 8 2409 2411 2410 2411)
(brace 9 2413 2415 2414 2415)
(brace 8 2414 2416 2415 2416)
(brace 8 2429 2431 2430 2431)
(brace 8 2437 2439 2438 2439)
(brace 9 2440 2442 2441 2442)
(brace 8 2441 2443 2442 2443)
(brace 9 2443 2445 2444 2445)
(brace 9 2445 2447 2446 2447)
(brace 8 2446 2448 2447 2448)
(brace 9 2449 2451 2450 2451)
(brace 8 2450 2452 2451 2452)
(brace 8 2465 2467 2466 2467)
(brace 8 2473 2475 2474 2475)
(brace 9 2476 2478 2477 2478)
(brace 8 2477 2479 2478 2479)
(brace 9 2479 2481 2480 2481)
(brace 9 2481 2483 2482 2483)
(brace 8 2482 2484 2483 2484)
(brace 9 2484 2486 2485 2486)
(brace 8 2485 2487 2486 2487)
(brace 8 2500 2502 2501 2502)
(brace 8 2508 2510 2509 2510)
(brace 9 2511 2513 2512 2513)
(brace 8 2512 2514 2513 2514)
(brace 9 2514 2516 2515 2516)
(brace 9 2516 2518 2517 2518)
(brace 8 2517 2519 2518 2519)
(brace 9 2520 2522 2521 2522)
(brace 8 2521 2523 2522 2523)
(brace 8 2536 2538 2537 2538)
(brace 8 2544 2546 2545 2546)
(brace 9 2547 2549 2548 2549)
(brace 8 2548 2550 2549 2550)
(brace 9 2550 2552 2551 2552)
(brace 9 2552 2554 2553 2554)
(brace 8 2553 2555 2554 2555)
(brace 9 2557 2559 2558 2559)
(brace 8 2558 2560 2559 2560)
(brace 8 2573 2575 2574 2575)
(brace 8 2581 2583 2582 2583)
(brace 9 2584 2586 2585 2586)
(brace 8 2585 2587 2586 2587)
(brace 9 2587 2589 2588 2589)
(brace 9 2589 2591 2590 2591)
(brace 8 2590 2592 2591 2592)
(brace 9 2595 2597 2596 2597)
(brace 8 2596 2598 2597 2598)
(brace 8 2611 2613 2612 2613)
(brace 8 2619 2621 2620 2621)
(brace 9 2622 2624 2623 2624)
(brace 8 2623 2625 2624 2625)
(brace 9 2625 2627 2626 2627)
(brace 9 2627 2629 2628 2629)
(brace 8 2628 2630 2629 2630)
(brace 9 2631 2633 2632 2633)
(brace 8 2632 2634 2633 2634)
(brace 8 2647 2649 2648 2649)
(brace 8 2655 2657 2656 2657)
(brace 9 2658 2660 2659 2660)
(brace 8 2659 2661 2660 2661)
(brace 9 2662 2664 2663 2664)
(brace 9 2664 2666 2665 2666)
(brace 8 2665 2667 2666 2667)
(brace 9 2667 2669 2668 2669)
(brace 8 2668 2670 2669 2670)
(brace 8 2683 2685 2684 2685)
(brace 8 2691 2693 2692 2693)
(brace 9 2694 2696 2695 2696)
(brace 8 2695 2697 2696 2697)
(brace 9 2698 2700 2699 2700)
(brace 9 2700 2702 2701 2702)
(brace 8 2701 2703 2702 2703)
(brace 9 2704 2706 2705 2706)
(brace 8 2705 2707 2706 2707)
(brace 8 2720 2722 2721 2722)
(brace 8 2728 2730 2729 2730)
(brace 9 2731 2733 2732 2733)
(brace 8 2732 2734 2733 2734)
(brace 9 2735 2737 2736 2737)
(brace 9 2737 2739 2738 2739)
(brace 8 2738 2740 2739 2740)
(brace 9 2742 2744 2743 2744)
(brace 8 2743 2745 2744 2745)
(brace 8 2758 2760 2759 2760)
(brace 8 2766 2768 2767 2768)
(brace 9 2769 2771 2770 2771)
(brace 8 2770 2772 2771 2772)
(brace 9 2773 2775 2774 2775)
(brace 9 2775 2777 2776 2777)
(brace 8 2776 2778 2777 2778)
(brace 9 2781 2783 2782 2783)
(brace 8 2782 2784 2783 2784)
(brace 8 2797 2799 2798 2799)
(brace 8 2805 2807 2806 2807)
(brace 9 2808 2810 2809 2810)
(brace 8 2809 2811 2810 2811)
(brace 9 2812 2814 2813 2814)
(brace 9 2814 2816 2815 2816)
(brace 8 2815 2817 2816 2817)
(brace 9 2819 2821 2820 2821)
(brace 8 2820 2822 2821 2822)
(brace 8 2835 2837 2836 2837)
(brace 8 2843 2845 2844 2845)
(brace 9 2846 2848 2847 2848)
(brace 8 2847 2849 2848 2849)
(brace 9 2850 2852 2851 2852)
(brace 9 2852 2854 2853 2854)
(brace 8 2853 2855 2854 2855)
(brace 9 2856 2858 2857 2858)
(brace 8 2857 2859 2858 2859)
(brace 8 2872 2874 2873 2874)
(brace 8 2880 2882 2881 2882)
(brace 9 2883 2885 2884 2885)
(brace 8 2884 2886 2885 2886)
(brace 9 2887 2889 2888 2889)
(brace 9 2889 2891 2890 2891)
(brace 8 2890 2892 2891 2892)
(brace 9 2894 2896 2895 2896)
(brace 8 2895 2897 2896 2897)
(brace 8 2910 2912 2911 2912)
(brace 8 2918 2920 2919 2920)
(brace 9 2921 2923 2922 2923)
(brace 8 2922 2924 2923 2924)
(brace 9 2925 2927 2926 2927)
(brace 9 2927 2929 2928 2929)
(brace 8 2928 2930 2929 2930)
(brace 9 2933 2935 2934 2935)
(brace 8 2934 2936 2935 2936)
(brace 8 2949 2951 2950 2951)
(brace 8 2957 2959 2958 2959)
(brace 9 2960 2962 2961 2962)
(brace 8 2961 2963 2962 2963)
(brace 9 2964 2966 2965 2966)
(brace 9 2966 2968 2967 2968)
(brace 8 2967 2969 2968 2969)
(brace 9 2973 2975 2974 2975)
(brace 8 2974 2976 2975 2976)
(brace 9 3015 3017 3016 3017)
(brace 9 3017 3019 3018 3019)
(brace 9 3019 3021 3020 3021)
(brace 9 3021 3023 3022 3023)
(brace 9 3023 3025 3024 3025)
(brace 9 3025 3027 3026 3027)
(brace 9 3027 3029 3028 3029)
(brace 9 3029 3031 3030 3031)
(brace 9 3031 3033 3032 3033)
(brace 9 3033 3035 3034 3035)
(brace 9 3035 3037 3036 3037)
(brace 9 3037 3039 3038 3039)
(brace 9 3039 3041 3040 3041)
(brace 9 3041 3043 3042 3043)
(brace 9 3043 3045 3044 3045)
(brace 9 3045 3047 3046 3047)
(brace 9 3047 3049 3048 3049)
(brace 9 3049 3051 3050 3051)
(brace 9 3052 3053 3052 3053)
(brace 8 3065 3067 3066 3067)
(brace 9 3075 3077 3076 3077)
(newenvironment 0 3078 3097 3094 3096)
(brace 8 3092 3094 3093 3094)
(brace 9 3095 3097 3096 3097)
(brace 8 3099 3101 3100 3101)
(environment 2 3103 3115 3103 3115)
(brace 3 3103 3110 3103 3110)
(brace 9 3113 3115 3114 3115)
(brace 8 3114 3116 3115 3116)
(inline-math 0 3117 3118 3117 3118)
(brace 8 3124 3126 3125 3126)
(brace 9 3138 3140 3139 3140)
(inline-math 0 3140 3141 3140 3141)
(brace 9 3141 3143 3142 3143)
(brace 8 3142 3144 3143 3144)
(brace 8 3157 3159 3158 3159)
(brace 9 3167 3169 3168 3169)
(brace 8 3268 3270 3269 3270)
(brace 9 3280 3282 3281 3282)
(brace 8 3281 3283 3282 3283)
(brace 9 3286 3288 3287 3288)
(comment 0 3317 3318 3317 3318)
(brace 8 3329 3331 3330 3331)
(brace 9 3341 3343 3342 3343)
(brace 8 3342 3344 3343 3344)
(brace 9 3352 3354 3353 3354)
(brace 9 3355 3357 3356 3357)
(brace 8 3356 3358 3357 3358)
(environment 3 3357 3368 3357 3368)
(brace 4 3357 3363 3358 3363)
(brace 9 3366 3368 3367 3368)
(brace 9 3369 3370 3369 3370)
(comment 0 3373 3374 3373 3374)
(newcommand 0 3416 3433 3428 3432)
(brace 8 3426 3428 3427 3428)
(brace 9 3431 3433 3432 3433)
(brace 8 3432 3434 3433 3434)
(brace 8 3442 3444 3443 3444)
(brace 9 3444 3446 3445 3446)
(brace 9 3445 3447 3446 3447)
(newcommand 0 3448 3465 3460 3464)
(brace 8 3458 3460 3459 3460)
(brace 9 3463 3465 3464 3465)
(brace 8 3464 3466 3465 3466)
(brace 8 3474 3476 3475 3476)
(brace 9 3476 3478 3477 3478)
(brace 9 3477 3479 3478 3479)
(newcommand 0 3480 3496 3492 3495)
(brace 8 3490 3492 3491 3492)
(brace 9 3494 3496 3495 3496)
(brace 8 3495 3497 3496 3497)
(brace 8 3503 3505 3504 3505)
(brace 9 3505 3507 3506 3507)
(brace 9 3506 3508 3507 3508)
(newcommand 0 3509 3525 3521 3524)
(brace 8 3519 3521 3520 3521)
(brace 9 3523 3525 3524 3525)
(brace 8 3524 3526 3525 3526)
(brace 8 3532 3534 3533 3534)
(brace 9 3534 3536 3535 3536)
(brace 9 3535 3537 3536 3537)
(newcommand 0 3538 3554 3550 3553)
(brace 8 3548 3550 3549 3550)
(brace 9 3552 3554 3553 3554)
(brace 8 3553 3555 3554 3555)
(brace 9 3560 3562 3561 3562)
(newcommand 0 3563 3580 3575 3579)
(brace 8 3573 3575 3574 3575)
(brace 9 3578 3580 3579 3580)
(brace 8 3582 3584 3583 3584)
(brace 8 3583 3585 3584 3585)
(brace 8 3595 3597 3596 3597)
(brace 8 3603 3605 3604 3605)
(brace 9 3606 3608 3607 3608)
(brace 9 3607 3609 3608 3609)
(brace 9 3608 3610 3609 3610)
(brace 9 3609 3611 3610 3611)
(newcommand 0 3612 3631 3624 3630)
(brace 8 3622 3624 3623 3624)
(brace 9 3629 3631 3630 3631)
(brace 8 3630 3632 3631 3632)
(brace 8 3643 3645 3644 3645)
(brace 9 3649 3651 3650 3651)
(brace 8 3650 3652 3651 3652)
(brace 9 3657 3659 3658 3659)
(brace 9 3658 3660 3659 3660)
(newcommand 0 3661 3684 3673 3683)
(brace 8 3671 3673 3672 3673)
(brace 9 3682 3684 3683 3684)
(brace 8 3686 3688 3687 3688)
(brace 8 3698 3700 3699 3700)
(brace 9 3716 3718 3717 3718)
(brace 9 3717 3719 3718 3719)
(newcommand 0 3720 3737 3732 3736)
(brace 8 3730 3732 3731 3732)
(brace 9 3735 3737 3736 3737)
(brace 8 3739 3741 3740 3741)
(brace 8 3751 3753 3752 3753)
(brace 8 3762 3764 3763 3764)
(brace 9 3765 3767 3766 3767)
(brace 9 3766 3768 3767 3768)
(brace 9 3767 3769 3768 3769)
(comment 0 3776 3777 3776 3777)
(newcommand 0 3787 3803 3799 3802)
(brace 8 3797 3799 3798 3799)
(brace 9 3801 3803 3802 3803)
(brace 8 3802 3804 3803 3804)
(brace 9 3816 3818 3817 3818)
(newcommand 0 3821 3839 3834 3838)
(brace 8 3832 3834 3833 3834)
(brace 9 3837 3839 3838 3839)
(brace 8 3838 3840 3839 3840)
(brace 8 3853 3855 3854 3855)
(brace 9 3854 3856 3855 3856)
(brace 8 3864 3866 3865 3866)
(brace 9 3865 3867 3866 3867)
(brace 8 3873 3875 3874 3875)
(brace 9 3875 3877 3876 3877)
(brace 9 3880 3882 3881 3882)
(comment 0 3884 3885 3884 3885)
(brace 8 3949 3951 3950 3951)
(brace 9 3960 3962 3961 3962)
(comment 0 3962 3963 3962 3963)
(brace 8 3971 3973 3972 3973)
(brace 8 3996 3998 3997 3998)
(brace 9 4005 4007 4006 4007)
(brace 9 4006 4008 4007 4008)
(brace 8 4021 4023 4022 4023)
(brace 9 4031 4033 4032 4033)
(brace 8 4032 4034 4033 4034)
(brace 9 4043 4045 4044 4045)
(comment 0 4061 4062 4061 4062)
(comment 0 4062 4063 4062 4063)
(comment 0 4063 4064 4063 4064)
(comment 0 4064 4065 4064 4065)
(comment 0 4065 4066 4065 4066)
(newcommand 0 4087 4108 4099 4107)
(brace 8 4097 4099 4098 4099)
(brace 9 4106 4108 4107 4108)
(brace 8 4107 4109 4108 4109)
(brace 9 4120 4122 4121 4122)
(brace 8 4133 4135 4134 4135)
(brace 9 4138 4140 4139 4140)
(brace 8 4153 4155 4154 4155)
(brace 9 4162 4164 4163 4164)
(brace 8 4163 4165 4164 4165)
(brace 8 4171 4173 4172 4173)
(brace 9 4176 4178 4177 4178)
(brace 9 4177 4179 4178 4179)
(newenvironment 0 4181 4201 4197 4200)
(brace 8 4195 4197 4196 4197)
(brace 9 4199 4201 4200 4201)
(brace 8 4211 4212 4211 4212)
(brace 8 4229 4231 4230 4231)
(brace 9 4234 4236 4235 4236)
(brace 8 4249 4251 4250 4251)
(brace 8 4257 4259 4258 4259)
(brace 9 4260 4262 4261 4262)
(brace 8 4261 4263 4262 4263)
(brace 9 4266 4268 4267 4268)
(brace 9 4268 4270 4269 4270)
(brace 8 4269 4271 4270 4271)
(brace 8 4284 4286 4285 4286)
(brace 9 4311 4313 4312 4313)
(brace 9 4315 4317 4316 4317)
(brace 8 4316 4318 4317 4318)
(brace 8 4331 4333 4332 4333)
(brace 8 4358 4360 4359 4360)
(brace 9 4359 4361 4360 4361)
(brace 9 4373 4375 4374 4375)
(brace 9 4377 4379 4378 4379)
(comment 0 4380 4381 4380 4381)
(comment 0 4390 4391 4390 4391)
(brace 9 4399 4400 4399 4400)
(brace 9 4401 4403 4402 4403)
(brace 8 4401 4402 4401 4402)
(brace 8 4415 4417 4416 4417)
(brace 9 4426 4428 4427 4428)
(newenvironment 0 4429 4455 4445 4454)
(brace 8 4443 4445 4444 4445)
(brace 9 4453 4455 4454 4455)
(brace 8 4454 4456 4455 4456)
(environment 2 4457 4469 4457 4469)
(brace 3 4457 4464 4457 4464)
(brace 9 4467 4469 4468 4469)
(brace 8 4468 4470 4469 4470)
(brace 8 4469 4471 4470 4471)
(brace 8 4483 4485 4484 4485)
(brace 9 4494 4496 4495 4496)
(brace 9 4496 4498 4497 4498)
(brace 9 4497 4499 4498 4499)
(brace 8 4498 4500 4499 4500)
(brace 8 4513 4515 4514 4515)
(brace 9 4524 4526 4525 4526)
(brace 8 4607 4609 4608 4609)
(brace 9 4619 4621 4620 4621)
(brace 8 4620 4622 4621 4622)
(brace 8 4621 4623 4622 4623)
(brace 9 4633 4635 4634 4635)
(brace 9 4634 4636 4635 4636)
(brace 8 4692 4694 4693 4694)
(brace 9 4704 4706 4705 4706)
(brace 8 4705 4707 4706 4707)
(brace 9 4715 4717 4716 4717)
(brace 9 4718 4720 4719 4720)
(brace 8 4719 4721 4720 4721)
(environment 3 4720 4731 4720 4731)
(brace 4 4720 4726 4721 4726)
(brace 9 4729 4731 4730 4731)
(brace 9 4731 4733 4732 4733)
(newcommand 0 4735 4757 4747 4756)
(brace 8 4745 4747 4746 4747)
(brace 9 4755 4757 4756 4757)
(brace 8 4759 4761 4760 4761)
(brace 9 4760 4762 4761 4762)
(comment 0 4764 4765 4764 4765)
(comment 0 4765 4766 4765 4766)
(comment 0 4766 4767 4766 4767)
(comment 0 4767 4768 4767 4768)
(comment 0 4768 4769 4768 4769)
(comment 0 4769 4770 4769 4770)
(comment 0 4770 4771 4770 4771)
(comment 0 4771 4772 4771 4772)
(comment 0 4772 4773 4772 4773)
(comment 0 4773 4774 4773 4774)
(comment 0 4774 4775 4774 4775)
(comment 0 4775 4776 4775 4776)
(comment 0 4776 4777 4776 4777)
(comment 0 4777 4778 4777 4778)
(comment 0 4778 4779 4778 4779)
(comment 0 4779 4780 4779 4780)
(comment 0 4780 4781 4780 4781)
(comment 0 4781 4782 4781 4782)
(comment 0 4782 4783 4782 4783)
(comment 0 4783 4784 4783 4784)
(comment 0 4784 4785 4784 4785)
(comment 0 4785 4786 4785 4786)
(comment 0 4786 4787 4786 4787)
(comment 0 4787 4788 4787 4788)
(comment 0 4788 4789 4788 4789)
(comment 0 4789 4790 4789 4790)
(comment 0 4790 4791 4790 4791)
(comment 0 4791 4792 4791 4792)
(comment 0 4792 4793 4792 4793)
(comment 0 4793 4794 4793 4794)
(comment 0 4794 4795 4794 4795)
(comment 0 4795 4796 4795 4796)
(comment 0 4796 4797 4796 4797)
(comment 0 4797 4798 4797 4798)
(comment 0 4798 4799 4798 4799)
(comment 0 4799 4800 4799 4800)
(comment 0 4800 4801 4800 4801)
(comment 0 4801 4802 4801 4802)
(comment 0 4802 4803 4802 4803)
(comment 0 4803 4804 4803 4804)
(comment 0 4804 4805 4804 4805)
(newcommand 0 4806 4834 4818 4833)
(brace 8 4816 4818 4817 4818)
(brace 9 4832 4834 4833 4834)
(brace 8 4833 4835 4834 4835)
(brace 8 4841 4843 4842 4843)
(brace 9 4845 4847 4846 4847)
(brace 9 4846 4848 4847 4848)
(newcommand 0 4849 4876 4861 4875)
(brace 8 4859 4861 4860 4861)
(brace 9 4874 4876 4875 4876)
(brace 8 4875 4877 4876 4877)
(brace 8 4883 4885 4884 4885)
(brace 9 4887 4889 4888 4889)
(brace 9 4888 4890 4889 4890)
(newcommand 0 4891 4913 4903 4912)
(brace 8 4901 4903 4902 4903)
(brace 9 4911 4913 4912 4913)
(brace 8 4912 4914 4913 4914)
(brace 9 4913 4915 4914 4915)
(newcommand 0 4918 4949 4930 4948)
(brace 8 4928 4930 4929 4930)
(brace 9 4947 4949 4948 4949)
(comment 0 4954 4955 4954 4955)
(brace 8 5005 5006 5005 5006)
(brace 8 5019 5021 5020 5021)
(brace 8 5027 5029 5028 5029)
(brace 9 5030 5032 5031 5032)
(brace 8 5031 5033 5032 5033)
(brace 9 5036 5038 5037 5038)
(brace 9 5038 5040 5039 5040)
(brace 8 5039 5041 5040 5041)
(brace 8 5071 5073 5072 5073)
(brace 9 5084 5086 5085 5086)
(brace 9 5088 5090 5089 5090)
(brace 8 5089 5091 5090 5091)
(brace 8 5121 5123 5122 5123)
(brace 9 5147 5149 5148 5149)
(brace 9 5151 5153 5152 5153)
(brace 9 5154 5155 5154 5155)
(comment 0 5157 5158 5157 5158)
(comment 0 5193 5194 5193 5194)
(comment 0 5202 5203 5202 5203)
(newenvironment 0 5238 5261 5254 5260)
(brace 8 5252 5254 5253 5254)
(brace 9 5259 5261 5260 5261)
(brace 8 5271 5272 5271 5272)
(brace 8 5290 5292 5291 5292)
(brace 9 5297 5299 5298 5299)
(brace 8 5298 5300 5299 5300)
(brace 9 5301 5303 5302 5303)
(brace 9 5303 5305 5304 5305)
(brace 8 5306 5307 5306 5307)
(brace 9 5329 5331 5330 5331)
(newcommand 0 5334 5356 5346 5355)
(brace 8 5344 5346 5345 5346)
(brace 9 5354 5356 5355 5356)
(brace 8 5358 5360 5359 5360)
(comment 0 5360 5361 5360 5361)
(brace 8 5380 5382 5381 5382)
(environment 2 5428 5442 5428 5442)
(brace 3 5428 5436 5429 5436)
(brace 9 5440 5442 5441 5442)
(brace 8 5441 5443 5442 5443)
(brace 8 5444 5446 5445 5446)
(brace 9 5447 5449 5448 5449)
(brace 8 5450 5452 5451 5452)
(brace 9 5453 5455 5454 5455)
(brace 9 5455 5457 5456 5457)
(environment 3 5544 5556 5544 5556)
(brace 4 5544 5550 5545 5550)
(brace 9 5554 5556 5555 5556)
(brace 9 5581 5583 5582 5583)
(brace 9 5582 5584 5583 5584)
(newcommand 0 5585 5601 5597 5600)
(brace 8 5595 5597 5596 5597)
(brace 9 5599 5601 5600 5601)
(brace 8 5600 5602 5601 5602)
(brace 9 5608 5610 5609 5610)
(newcommand 0 5611 5629 5623 5628)
(brace 8 5621 5623 5622 5623)
(brace 9 5627 5629 5628 5629)
(brace 8 5631 5633 5632 5633)
(brace 8 5640 5642 5641 5642)
(brace 9 5642 5644 5643 5644)
(brace 8 5644 5646 5645 5646)
(brace 9 5647 5649 5648 5649)
(brace 9 5648 5650 5649 5650)
(newcommand 0 5651 5667 5663 5666)
(brace 8 5661 5663 5662 5663)
(brace 9 5665 5667 5666 5667)
(brace 8 5666 5668 5667 5668)
(brace 8 5674 5676 5675 5676)
(brace 9 5676 5678 5677 5678)
(brace 9 5677 5679 5678 5679)
(newcommand 0 5680 5696 5692 5695)
(brace 8 5690 5692 5691 5692)
(brace 9 5694 5696 5695 5696)
(brace 8 5695 5697 5696 5697)
(brace 8 5703 5705 5704 5705)
(brace 9 5705 5707 5706 5707)
(brace 9 5706 5708 5707 5708)
(newcommand 0 5709 5725 5721 5724)
(brace 8 5719 5721 5720 5721)
(brace 9 5723 5725 5724 5725)
(brace 8 5724 5726 5725 5726)
(brace 8 5732 5734 5733 5734)
(brace 9 5734 5736 5735 5736)
(brace 9 5735 5737 5736 5737)
(newenvironment 0 5739 5760 5755 5759)
(brace 8 5753 5755 5754 5755)
(brace 9 5758 5760 5759 5760)
(comment 0 5766 5767 5766 5767)
(brace 8 5771 5773 5772 5773)
(brace 8 5783 5785 5784 5785)
(environment 2 5808 5822 5808 5822)
(brace 3 5808 5816 5809 5816)
(brace 9 5820 5822 5821 5822)
(brace 8 5821 5823 5822 5823)
(brace 8 5825 5827 5826 5827)
(brace 9 5831 5833 5832 5833)
(brace 9 5833 5835 5834 5835)
(brace 9 5834 5836 5835 5836)
(brace 9 5835 5837 5836 5837)
(comment 0 5837 5838 5837 5838)
(brace 8 5842 5844 5843 5844)
(environment 3 5843 5855 5843 5855)
(brace 4 5843 5849 5844 5849)
(brace 9 5853 5855 5854 5855)
(brace 9 5861 5863 5862 5863)
(newcommand 0 5865 5880 5877 5879)
(brace 8 5875 5877 5876 5877)
(brace 9 5878 5880 5879 5880)
(brace 8 5882 5884 5883 5884)
(brace 8 5883 5885 5884 5885)
(brace 8 5895 5897 5896 5897)
(comment 0 5908 5909 5908 5909)
(brace 8 5913 5915 5914 5915)
(brace 8 5920 5922 5921 5922)
(brace 9 5923 5925 5924 5925)
(brace 8 5924 5926 5925 5926)
(brace 9 5927 5929 5928 5929)
(brace 9 5928 5930 5929 5930)
(brace 8 5938 5940 5939 5940)
(brace 8 5945 5947 5946 5947)
(brace 9 5948 5950 5949 5950)
(brace 8 5949 5951 5950 5951)
(brace 9 5952 5954 5953 5954)
(brace 9 5953 5955 5954 5955)
(brace 8 5959 5961 5960 5961)
(brace 8 5965 5967 5966 5967)
(brace 9 5968 5970 5969 5970)
(brace 8 5969 5971 5970 5971)
(brace 9 5972 5974 5973 5974)
(brace 9 5973 5975 5974 5975)
(brace 8 5979 5981 5980 5981)
(brace 8 5985 5987 5986 5987)
(brace 9 5988 5990 5989 5990)
(brace 8 5989 5991 5990 5991)
(brace 9 5992 5994 5993 5994)
(brace 9 5993 5995 5994 5995)
(brace 9 5999 6001 6000 6001)
(brace 9 6000 6002 6001 6002)
(brace 9 6001 6003 6002 6003)
(brace 8 6016 6018 6017 6018)
(brace 9 6020 6022 6021 6022)
(brace 8 6021 6023 6022 6023)
(brace 9 6031 6033 6032 6033)
(newcommand 0 6034 6050 6046 6049)
(brace 8 6044 6046 6045 6046)
(brace 9 6048 6050 6049 6050)
(brace 8 6049 6051 6050 6051)
(brace 9 6061 6063 6062 6063)
(newcommand 0 6064 6086 6076 6085)
(brace 8 6074 6076 6075 6076)
(brace 9 6084 6086 6085 6086)
(brace 8 6088 6090 6089 6090)
(brace 8 6089 6091 6090 6091)
(brace 9 6105 6107 6106 6107)
(brace 9 6106 6108 6107 6108)
(newcommand 0 6109 6127 6121 6126)
(brace 8 6119 6121 6120 6121)
(brace 9 6125 6127 6126 6127)
(brace 8 6129 6131 6130 6131)
(brace 8 6141 6143 6142 6143)
(brace 9 6166 6168 6167 6168)
(brace 9 6167 6169 6168 6169)
(newcommand 0 6170 6188 6182 6187)
(brace 8 6180 6182 6181 6182)
(brace 9 6186 6188 6187 6188)
(brace 8 6190 6192 6191 6192)
(brace 8 6202 6204 6203 6204)
(brace 8 6210 6212 6211 6212)
(brace 9 6214 6216 6215 6216)
(brace 8 6216 6218 6217 6218)
(brace 9 6219 6221 6220 6221)
(brace 8 6221 6223 6222 6223)
(brace 9 6224 6226 6225 6226)
(brace 9 6229 6231 6230 6231)
(brace 9 6230 6232 6231 6232)
(newcommand 0 6233 6250 6245 6249)
(brace 8 6243 6245 6244 6245)
(brace 9 6248 6250 6249 6250)
(brace 8 6252 6254 6253 6254)
(brace 8 6258 6260 6259 6260)
(brace 9 6261 6263 6262 6263)
(brace 8 6262 6264 6263 6264)
(brace 9 6263 6265 6264 6265)
(brace 8 6264 6266 6265 6266)
(brace 9 6267 6269 6268 6269)
(brace 9 6268 6270 6269 6270)
(newcommand 0 6271 6287 6283 6286)
(brace 8 6281 6283 6282 6283)
(brace 9 6285 6287 6286 6287)
(brace 8 6286 6288 6287 6288)
(brace 8 6298 6300 6299 6300)
(brace 8 6306 6308 6307 6308)
(brace 9 6309 6311 6310 6311)
(brace 9 6310 6312 6311 6312)
(brace 9 6311 6313 6312 6313)
(brace 8 6326 6328 6327 6328)
(brace 9 6329 6331 6330 6331)
(brace 8 6330 6332 6331 6332)
(brace 8 6342 6344 6343 6344)
(brace 8 6350 6352 6351 6352)
(brace 9 6352 6354 6353 6354)
(brace 9 6353 6355 6354 6355)
(brace 9 6354 6356 6355 6356)
(brace 8 6369 6371 6370 6371)
(brace 9 6374 6376 6375 6376)
(brace 8 6375 6377 6376 6377)
(brace 9 6385 6387 6386 6387)
(brace 8 6400 6402 6401 6402)
(brace 9 6405 6407 6406 6407)
(brace 8 6406 6408 6407 6408)
(brace 9 6416 6418 6417 6418)
(1 0 6421 6442 6433 6441)
(brace 0 6421 6433 6421 6433)
(brace 9 6440 6442 6441 6442)
(brace 8 6456 6458 6457 6458)
(brace 9 6464 6466 6465 6466)
(brace 8 6465 6467 6466 6467)
(brace 8 6477 6479 6478 6479)
(brace 9 6491 6493 6492 6493)
(brace 8 6492 6494 6493 6494)
(brace 8 6518 6520 6519 6520)
(brace 9 6523 6525 6524 6525)
(brace 9 6532 6534 6533 6534)
(brace 8 6533 6535 6534 6535)
(brace 8 6547 6549 6548 6549)
(brace 9 6552 6554 6553 6554)
(brace 8 6553 6555 6554 6555)
(brace 9 6556 6558 6557 6558)
(brace 8 6582 6584 6583 6584)
(brace 9 6587 6589 6588 6589)
(brace 9 6596 6598 6597 6598)
(brace 9 6597 6599 6598 6599)
(environment 2 6601 6617 6601 6617)
(preamble 1 6601 6617 6601 6617)
(brace 3 6601 6608 6601 6608)
(brace 9 6615 6617 6616 6617)
(comment 0 6621 6622 6621 6622)
(brace 8 6726 6728 6727 6728)
(brace 8 6727 6729 6728 6729)
(brace 9 6775 6777 6776 6777)
(brace 9 6776 6778 6777 6778)
(brace 8 6777 6779 6778 6779)
(brace 9 6778 6780 6779 6780)
(brace 8 6784 6786 6785 6786)
(brace 8 6785 6787 6786 6787)
(brace 9 6819 6821 6820 6821)
(brace 9 6820 6822 6821 6822)
(brace 8 6842 6844 6843 6844)
(brace 8 6843 6845 6844 6845)
(brace 9 6876 6878 6877 6878)
(brace 9 6877 6879 6878 6879)
(brace 8 6878 6880 6879 6880)
(brace 9 6879 6881 6880 6881)
(brace 8 6880 6882 6881 6882)
(brace 8 6881 6883 6882 6883)
(brace 9 6925 6927 6926 6927)
(brace 9 6926 6928 6927 6928)
(environment 2 6930 6944 6930 6944)
(brace 3 6930 6937 6930 6937)
(brace 9 6942 6944 6943 6944)
(brace 8 6949 6951 6950 6951)
(brace 9 6977 6979 6978 6979)
(environment 3 6980 6992 6980 6992)
(brace 4 6980 6985 6980 6985)
(brace 9 6990 6992 6991 6992)
(comment 0 6993 6994 6993 6994)
(comment 0 7089 7090 7089 7090)
(comment 0 7181 7182 7181 7182)
(environment 2 7286 7297 7286 7297)
(brace 3 7286 7293 7286 7293)
(brace 9 7295 7297 7296 7297)
(label 0 7296 7336 7304 7335)
(brace label 7296 7304 7297 7304)
(brace 9 7334 7336 7335 7336)
(environment 2 7338 7356 7338 7356)
(brace 3 7338 7346 7339 7346)
(brace 9 7354 7356 7355 7356)
(inline-math 0 7368 7369 7368 7369)
(brace 8 7378 7380 7379 7380)
(brace 9 7380 7382 7381 7382)
(brace 8 7407 7409 7408 7409)
(brace 9 7409 7411 7410 7411)
(inline-math 0 7412 7413 7412 7413)
(environment 0 7441 7460 7441 7460)
(brace 3 7441 7448 7441 7448)
(brace 9 7458 7460 7459 7460)
(environment 2 7477 7491 7477 7491)
(brace 3 7477 7485 7478 7485)
(brace 9 7489 7491 7490 7491)
(brace 8 7490 7492 7491 7492)
(brace 9 7493 7495 7494 7495)
(brace 8 7508 7510 7509 7510)
(brace 9 7512 7514 7513 7514)
(brace 8 7513 7515 7514 7515)
(brace 9 7515 7517 7516 7517)
(brace 8 7524 7526 7525 7526)
(brace 9 7528 7530 7529 7530)
(brace 8 7554 7556 7555 7556)
(brace 9 7558 7560 7559 7560)
(environment 3 7571 7583 7571 7583)
(brace 4 7571 7577 7572 7577)
(brace 9 7581 7583 7582 7583)
(environment 1 7592 7609 7592 7609)
(brace 4 7592 7597 7592 7597)
(brace 9 7607 7609 7608 7609)
(inline-math 0 7633 7634 7633 7634)
(inline-math 0 7635 7636 7635 7636)
(inline-math 0 7718 7719 7718 7719)
(inline-math 0 7720 7721 7720 7721)
(inline-math 0 7748 7749 7748 7749)
(inline-math 0 7750 7751 7750 7751)
(brace 8 7762 7764 7763 7764)
(inline-math 0 7775 7776 7775 7776)
(brace 8 7785 7787 7786 7787)
(brace 9 7787 7789 7788 7789)
(brace 8 7814 7816 7815 7816)
(brace 9 7816 7818 7817 7818)
(inline-math 0 7819 7820 7819 7820)
(environment 0 7847 7867 7847 7867)
(brace 3 7847 7855 7848 7855)
(brace 9 7865 7867 7866 7867)
(environment 2 7884 7898 7884 7898)
(brace 3 7884 7892 7885 7892)
(brace 9 7896 7898 7897 7898)
(brace 8 7897 7899 7898 7899)
(brace 9 7900 7902 7901 7902)
(brace 8 7919 7921 7920 7921)
(brace 9 7930 7932 7931 7932)
(brace 8 7931 7933 7932 7933)
(brace 9 7941 7943 7942 7943)
(brace 8 7950 7952 7951 7952)
(brace 9 7954 7956 7955 7956)
(brace 8 7987 7989 7988 7989)
(brace 9 7991 7993 7992 7993)
(environment 3 8010 8022 8010 8022)
(brace 4 8010 8016 8011 8016)
(brace 9 8020 8022 8021 8022)
(environment 1 8031 8048 8031 8048)
(brace 4 8031 8036 8031 8036)
(brace 9 8046 8048 8047 8048)
(inline-math 0 8099 8100 8099 8100)
(brace 8 8104 8106 8105 8106)
(brace 8 8115 8117 8116 8117)
(brace 9 8117 8119 8118 8119)
(brace 9 8118 8120 8119 8120)
(brace 8 8119 8121 8120 8121)
(brace 8 8128 8130 8129 8130)
(brace 9 8130 8132 8131 8132)
(brace 8 8139 8141 8140 8141)
(brace 9 8141 8143 8142 8143)
(brace 9 8142 8144 8143 8144)
(inline-math 0 8149 8150 8149 8150)
(inline-math 0 8160 8161 8160 8161)
(brace 8 8165 8167 8166 8167)
(brace 8 8176 8178 8177 8178)
(brace 9 8178 8180 8179 8180)
(brace 9 8179 8181 8180 8181)
(brace 8 8180 8182 8181 8182)
(brace 8 8189 8191 8190 8191)
(brace 9 8191 8193 8192 8193)
(brace 8 8200 8202 8201 8202)
(brace 9 8202 8204 8203 8204)
(brace 9 8203 8205 8204 8205)
(inline-math 0 8210 8211 8210 8211)
(brace 9 8246 8247 8246 8247)
(inline-math 0 8287 8288 8287 8288)
(inline-math 0 8298 8299 8298 8299)
(inline-math 0 8325 8326 8325 8326)
(inline-math 0 8331 8332 8331 8332)
(inline-math 0 8356 8357 8356 8357)
(brace 8 8387 8389 8388 8389)
(brace 9 8394 8396 8395 8396)
(inline-math 0 8396 8397 8396 8397)
(comment 0 8400 8401 8400 8401)
(inline-math 0 8430 8431 8430 8431)
(inline-math 0 8437 8438 8437 8438)
(inline-math 0 8445 8446 8445 8446)
(inline-math 0 8458 8459 8458 8459)
(inline-math 0 8470 8471 8470 8471)
(inline-math 0 8471 8472 8471 8472)
(inline-math 0 8515 8516 8515 8516)
(inline-math 0 8516 8517 8516 8517)
(inline-math 0 8525 8526 8525 8526)
(inline-math 0 8539 8540 8539 8540)
(inline-math 0 8544 8545 8544 8545)
(inline-math 0 8547 8548 8547 8548)
(inline-math 0 8553 8554 8553 8554)
(inline-math 0 8555 8556 8555 8556)
(inline-math 0 8612 8613 8612 8613)
(inline-math 0 8630 8631 8630 8631)
(inline-math 0 8672 8673 8672 8673)
(inline-math 0 8697 8698 8697 8698)
(inline-math 0 8700 8701 8700 8701)
(inline-math 0 8730 8731 8730 8731)
(inline-math 0 8735 8736 8735 8736)
(inline-math 0 8757 8758 8757 8758)
(inline-math 0 8769 8770 8769 8770)
(brace 8 8774 8776 8775 8776)
(brace 9 8785 8787 8786 8787)
(brace 8 8786 8788 8787 8788)
(brace 9 8797 8799 8798 8799)
(inline-math 0 8799 8800 8799 8800)
(inline-math 0 8802 8803 8802 8803)
(brace 8 8807 8809 8808 8809)
(brace 9 8818 8820 8819 8820)
(brace 8 8819 8821 8820 8821)
(brace 9 8830 8832 8831 8832)
(inline-math 0 8832 8833 8832 8833)
(inline-math 0 8835 8836 8835 8836)
(brace 8 8840 8842 8841 8842)
(brace 9 8853 8855 8854 8855)
(brace 8 8854 8856 8855 8856)
(brace 9 8865 8867 8866 8867)
(inline-math 0 8867 8868 8867 8868)
(inline-math 0 8870 8871 8870 8871)
(brace 8 8875 8877 8876 8877)
(brace 9 8888 8890 8889 8890)
(brace 8 8889 8891 8890 8891)
(brace 9 8900 8902 8901 8902)
(inline-math 0 8902 8903 8902 8903)
(inline-math 0 8907 8908 8907 8908)
(inline-math 0 8913 8914 8913 8914)
(brace 8 8925 8927 8926 8927)
(brace 9 8934 8936 8935 8936)
(inline-math 0 8985 8986 8985 8986)
(brace 8 8990 8992 8991 8992)
(brace 9 9001 9003 9002 9003)
(brace 8 9002 9004 9003 9004)
(brace 9 9015 9017 9016 9017)
(inline-math 0 9017 9018 9017 9018)
(inline-math 0 9022 9023 9022 9023)
(inline-math 0 9033 9034 9033 9034)
(inline-math 0 9046 9047 9046 9047)
(brace 8 9051 9053 9052 9053)
(brace 9 9062 9064 9063 9064)
(brace 8 9063 9065 9064 9065)
(brace 9 9076 9078 9077 9078)
(inline-math 0 9078 9079 9078 9079)
(inline-math 0 9095 9096 9095 9096)
(inline-math 0 9126 9127 9126 9127)
(inline-math 0 9129 9130 9129 9130)
(inline-math 0 9160 9161 9160 9161)
(inline-math 0 9165 9166 9165 9166)
(brace 8 9172 9174 9173 9174)
(brace 9 9178 9180 9179 9180)
(inline-math 0 9202 9203 9202 9203)
(inline-math 0 9213 9214 9213 9214)
(inline-math 0 9219 9220 9219 9220)
(inline-math 0 9242 9243 9242 9243)
(inline-math 0 9261 9262 9261 9262)
(inline-math 0 9279 9280 9279 9280)
(inline-math 0 9281 9282 9281 9282)
(environment 2 9313 9330 9313 9330)
(brace 3 9313 9320 9313 9320)
(brace 9 9328 9330 9329 9330)
(inline-math 0 9377 9378 9377 9378)
(inline-math 0 9389 9390 9389 9390)
(inline-math 0 9392 9393 9392 9393)
(inline-math 0 9395 9396 9395 9396)
(inline-math 0 9400 9401 9400 9401)
(inline-math 0 9403 9404 9403 9404)
(inline-math 0 9418 9419 9418 9419)
(brace 8 9434 9436 9435 9436)
(brace 9 9438 9440 9439 9440)
(inline-math 0 9441 9442 9441 9442)
(inline-math 0 9455 9456 9455 9456)
(brace 8 9459 9461 9460 9461)
(brace 9 9463 9465 9464 9465)
(inline-math 0 9465 9466 9465 9466)
(inline-math 0 9509 9510 9509 9510)
(inline-math 0 9511 9512 9511 9512)
(inline-math 0 9529 9530 9529 9530)
(inline-math 0 9531 9532 9531 9532)
(inline-math 0 9605 9606 9605 9606)
(inline-math 0 9609 9610 9609 9610)
(inline-math 0 9634 9635 9634 9635)
(inline-math 0 9638 9639 9638 9639)
(inline-math 0 9646 9647 9646 9647)
(inline-math 0 9658 9659 9658 9659)
(inline-math 0 9668 9669 9668 9669)
(inline-math 0 9671 9672 9671 9672)
(inline-math 0 9681 9682 9681 9682)
(inline-math 0 9685 9686 9685 9686)
(inline-math 0 9726 9727 9726 9727)
(inline-math 0 9733 9734 9733 9734)
(inline-math 0 9738 9739 9738 9739)
(brace 8 9742 9744 9743 9744)
(brace 9 9745 9747 9746 9747)
(inline-math 0 9754 9755 9754 9755)
(environment 3 9757 9772 9757 9772)
(brace 4 9757 9762 9757 9762)
(brace 9 9770 9772 9771 9772)
(inline-math 0 9785 9786 9785 9786)
(inline-math 0 9787 9788 9787 9788)
(inline-math 0 9801 9802 9801 9802)
(brace 8 9808 9810 9809 9810)
(brace 9 9810 9812 9811 9812)
(inline-math 0 9842 9843 9842 9843)
(display-math 0 9891 9894 9892 9894)
(brace 8 9914 9916 9915 9916)
(brace 9 9916 9918 9917 9918)
(brace 8 9961 9963 9962 9963)
(brace 9 9967 9969 9968 9969)
(brace 8 9968 9970 9969 9970)
(brace 8 9977 9979 9978 9979)
(brace 9 9979 9981 9980 9981)
(brace 8 9980 9982 9981 9982)
(brace 9 9985 9987 9986 9987)
(brace 9 9986 9988 9987 9988)
(brace 8 9996 9998 9997 9998)
(brace 9 10007 10009 10008 10009)
(brace 8 10008 10010 10009 10010)
(brace 9 10021 10023 10022 10023)
(display-math 1 10033 10036 10034 10036)
(inline-math 0 10056 10057 10056 10057)
(brace 8 10077 10079 10078 10079)
(brace 9 10079 10081 10080 10081)
(brace 8 10136 10138 10137 10138)
(brace 9 10138 10140 10139 10140)
(inline-math 0 10161 10162 10161 10162)
(environment 3 10203 10219 10203 10219)
(brace 4 10203 10209 10204 10209)
(brace 9 10217 10219 10218 10219)
(environment 3 10221 10230 10221 10230)
(brace 4 10221 10226 10221 10226)
(brace 9 10228 10230 10229 10230)
(brace 8 10241 10243 10242 10243)
(environment 2 10244 10255 10244 10255)
(brace 3 10244 10251 10244 10251)
(brace 9 10253 10255 10254 10255)
(label 0 10254 10279 10262 10278)
(brace label 10254 10262 10255 10262)
(brace 9 10277 10279 10278 10279)
(environment 2 10280 10297 10280 10297)
(brace 3 10280 10287 10280 10287)
(brace 9 10295 10297 10296 10297)
(inline-math 0 10309 10310 10309 10310)
(inline-math 0 10327 10328 10327 10328)
(inline-math 0 10369 10370 10369 10370)
(inline-math 0 10394 10395 10394 10395)
(inline-math 0 10397 10398 10397 10398)
(inline-math 0 10427 10428 10427 10428)
(inline-math 0 10432 10433 10432 10433)
(inline-math 0 10454 10455 10454 10455)
(inline-math 0 10466 10467 10466 10467)
(brace 8 10471 10473 10472 10473)
(brace 9 10482 10484 10483 10484)
(brace 8 10483 10485 10484 10485)
(brace 9 10494 10496 10495 10496)
(inline-math 0 10496 10497 10496 10497)
(inline-math 0 10499 10500 10499 10500)
(brace 8 10504 10506 10505 10506)
(brace 9 10515 10517 10516 10517)
(brace 8 10516 10518 10517 10518)
(brace 9 10527 10529 10528 10529)
(inline-math 0 10529 10530 10529 10530)
(inline-math 0 10532 10533 10532 10533)
(brace 8 10537 10539 10538 10539)
(brace 9 10550 10552 10551 10552)
(brace 8 10551 10553 10552 10553)
(brace 9 10562 10564 10563 10564)
(inline-math 0 10564 10565 10564 10565)
(inline-math 0 10567 10568 10567 10568)
(brace 8 10572 10574 10573 10574)
(brace 9 10585 10587 10586 10587)
(brace 8 10586 10588 10587 10588)
(brace 9 10597 10599 10598 10599)
(inline-math 0 10599 10600 10599 10600)
(inline-math 0 10604 10605 10604 10605)
(inline-math 0 10610 10611 10610 10611)
(inline-math 0 10642 10643 10642 10643)
(brace 8 10647 10649 10648 10649)
(brace 9 10658 10660 10659 10660)
(brace 8 10659 10661 10660 10661)
(brace 9 10672 10674 10673 10674)
(inline-math 0 10674 10675 10674 10675)
(inline-math 0 10699 10700 10699 10700)
(brace 8 10704 10706 10705 10706)
(brace 9 10715 10717 10716 10717)
(brace 8 10716 10718 10717 10718)
(brace 9 10729 10731 10730 10731)
(inline-math 0 10731 10732 10731 10732)
(inline-math 0 10736 10737 10736 10737)
(inline-math 0 10747 10748 10747 10748)
(inline-math 0 10782 10783 10782 10783)
(inline-math 0 10798 10799 10798 10799)
(inline-math 0 10816 10817 10816 10817)
(inline-math 0 10820 10821 10820 10821)
(inline-math 0 10825 10826 10825 10826)
(inline-math 0 10863 10864 10863 10864)
(inline-math 0 10875 10876 10875 10876)
(inline-math 0 10877 10878 10877 10878)
(inline-math 0 10905 10906 10905 10906)
(inline-math 0 10915 10916 10915 10916)
(inline-math 0 10918 10919 10918 10919)
(inline-math 0 10925 10926 10925 10926)
(inline-math 0 10941 10942 10941 10942)
(brace 8 10943 10945 10944 10945)
(brace 9 10945 10947 10946 10947)
(inline-math 0 10947 10948 10947 10948)
(inline-math 0 10973 10974 10973 10974)
(brace 8 10983 10985 10984 10985)
(brace 9 10985 10987 10986 10987)
(brace 8 10987 10989 10988 10989)
(brace 9 10992 10994 10993 10994)
(inline-math 0 11004 11005 11004 11005)
(environment 3 11007 11023 11007 11023)
(brace 4 11007 11013 11008 11013)
(brace 9 11021 11023 11022 11023)
(environment 3 11024 11033 11024 11033)
(brace 4 11024 11029 11024 11029)
(brace 9 11031 11033 11032 11033)
(brace 9 11035 11036 11035 11036)
(comment 0 11040 11041 11040 11041)
(environment 2 11051 11062 11051 11062)
(brace 3 11051 11058 11051 11058)
(brace 9 11060 11062 11061 11062)
(label 0 11061 11099 11069 11098)
(brace label 11061 11069 11062 11069)
(brace 9 11097 11099 11098 11099)
(inline-math 0 11106 11107 11106 11107)
(inline-math 0 11116 11117 11116 11117)
(environment 2 11119 11137 11119 11137)
(brace 3 11119 11127 11120 11127)
(brace 9 11135 11137 11136 11137)
(inline-math 0 11161 11162 11161 11162)
(inline-math 0 11171 11172 11171 11172)
(inline-math 0 11247 11248 11247 11248)
(inline-math 0 11249 11250 11249 11250)
(inline-math 0 11265 11266 11265 11266)
(inline-math 0 11276 11277 11276 11277)
(inline-math 0 11284 11285 11284 11285)
(inline-math 0 11300 11301 11300 11301)
(inline-math 0 11311 11312 11311 11312)
(inline-math 0 11317 11318 11317 11318)
(inline-math 0 11342 11343 11342 11343)
(inline-math 0 11344 11345 11344 11345)
(inline-math 0 11418 11419 11418 11419)
(inline-math 0 11420 11421 11420 11421)
(inline-math 0 11449 11450 11449 11450)
(inline-math 0 11472 11473 11472 11473)
(inline-math 0 11484 11485 11484 11485)
(inline-math 0 11497 11498 11497 11498)
(brace 8 11544 11546 11545 11546)
(brace 9 11574 11576 11575 11576)
(inline-math 0 11593 11594 11593 11594)
(brace 8 11601 11603 11602 11603)
(brace 9 11603 11605 11604 11605)
(inline-math 0 11613 11614 11613 11614)
(environment 0 11629 11646 11629 11646)
(brace 3 11629 11636 11629 11636)
(brace 9 11644 11646 11645 11646)
(brace 8 11658 11660 11659 11660)
(brace 9 11660 11662 11661 11662)
(brace 8 11661 11663 11662 11663)
(brace 9 11663 11665 11664 11665)
(environment 1 11717 11732 11717 11732)
(brace 4 11717 11722 11717 11722)
(brace 9 11730 11732 11731 11732)
(inline-math 0 11738 11739 11738 11739)
(inline-math 0 11755 11756 11755 11756)
(inline-math 0 11758 11759 11758 11759)
(brace 8 11768 11770 11769 11770)
(brace 9 11770 11772 11771 11772)
(inline-math 0 11772 11773 11772 11773)
(inline-math 0 11777 11778 11777 11778)
(inline-math 0 11792 11793 11792 11793)
(inline-math 0 11802 11803 11802 11803)
(inline-math 0 11804 11805 11804 11805)
(brace 8 11867 11869 11868 11869)
(brace 9 11897 11899 11898 11899)
(inline-math 0 11902 11903 11902 11903)
(inline-math 0 11931 11932 11931 11932)
(inline-math 0 11943 11944 11943 11944)
(brace 8 11952 11954 11953 11954)
(brace 9 11955 11957 11956 11957)
(inline-math 0 11957 11958 11957 11958)
(inline-math 0 12021 12022 12021 12022)
(brace 8 12023 12025 12024 12025)
(brace 9 12025 12027 12026 12027)
(inline-math 0 12027 12028 12027 12028)
(inline-math 0 12069 12070 12069 12070)
(inline-math 0 12080 12081 12080 12081)
(inline-math 0 12191 12192 12191 12192)
(inline-math 0 12220 12221 12220 12221)
(inline-math 0 12232 12233 12232 12233)
(inline-math 0 12233 12234 12233 12234)
(brace 8 12243 12245 12244 12245)
(brace 9 12268 12270 12269 12270)
(brace 8 12269 12271 12270 12271)
(brace 9 12286 12288 12287 12288)
(inline-math 0 12289 12290 12289 12290)
(inline-math 0 12290 12291 12290 12291)
(environment 3 12293 12309 12293 12309)
(brace 4 12293 12299 12294 12299)
(brace 9 12307 12309 12308 12309)
(environment 3 12310 12319 12310 12319)
(brace 4 12310 12315 12310 12315)
(brace 9 12317 12319 12318 12319)
(environment 2 12331 12342 12331 12342)
(brace 3 12331 12338 12331 12338)
(brace 9 12340 12342 12341 12342)
(inline-math 0 12349 12350 12349 12350)
(inline-math 0 12374 12375 12374 12375)
(inline-math 0 12420 12421 12420 12421)
(inline-math 0 12425 12426 12425 12426)
(inline-math 0 12438 12439 12438 12439)
(inline-math 0 12446 12447 12446 12447)
(inline-math 0 12451 12452 12451 12452)
(inline-math 0 12457 12458 12457 12458)
(inline-math 0 12472 12473 12472 12473)
(inline-math 0 12474 12475 12474 12475)
(inline-math 0 12484 12485 12484 12485)
(inline-math 0 12486 12487 12486 12487)
(inline-math 0 12498 12499 12498 12499)
(inline-math 0 12508 12509 12508 12509)
(inline-math 0 12534 12535 12534 12535)
(inline-math 0 12550 12551 12550 12551)
(inline-math 0 12558 12559 12558 12559)
(inline-math 0 12560 12561 12560 12561)
(environment 3 12623 12632 12623 12632)
(brace 4 12623 12628 12623 12628)
(brace 9 12630 12632 12631 12632)
(environment 2 12634 12645 12634 12645)
(brace 3 12634 12641 12634 12641)
(brace 9 12643 12645 12644 12645)
(label 0 12644 12670 12652 12669)
(brace label 12644 12652 12645 12652)
(brace 9 12668 12670 12669 12670)
(inline-math 0 12678 12679 12678 12679)
(inline-math 0 12690 12691 12690 12691)
(inline-math 0 12693 12694 12693 12694)
(inline-math 0 12709 12710 12709 12710)
(inline-math 0 12715 12716 12715 12716)
(inline-math 0 12717 12718 12717 12718)
(inline-math 0 12743 12744 12743 12744)
(inline-math 0 12747 12748 12747 12748)
(inline-math 0 12776 12777 12776 12777)
(inline-math 0 12802 12803 12802 12803)
(inline-math 0 12814 12815 12814 12815)
(inline-math 0 12832 12833 12832 12833)
(environment 3 12885 12894 12885 12894)
(brace 4 12885 12890 12885 12890)
(brace 9 12892 12894 12893 12894)
(comment 0 12896 12897 12896 12897)
(environment 2 12908 12919 12908 12919)
(brace 3 12908 12915 12908 12915)
(brace 9 12917 12919 12918 12919)
(label 0 12918 12951 12926 12950)
(brace label 12918 12926 12919 12926)
(brace 9 12949 12951 12950 12951)
(inline-math 0 12979 12980 12979 12980)
(inline-math 0 13000 13001 13000 13001)
(inline-math 0 13013 13014 13013 13014)
(inline-math 0 13032 13033 13032 13033)
(environment 2 13034 13052 13034 13052)
(brace 3 13034 13042 13035 13042)
(brace 9 13050 13052 13051 13052)
(inline-math 0 13071 13072 13071 13072)
(inline-math 0 13073 13074 13073 13074)
(inline-math 0 13089 13090 13089 13090)
(brace 8 13091 13093 13092 13093)
(brace 9 13098 13100 13099 13100)
(inline-math 0 13100 13101 13100 13101)
(inline-math 0 13133 13134 13133 13134)
(inline-math 0 13135 13136 13135 13136)
(inline-math 0 13140 13141 13140 13141)
(inline-math 0 13146 13147 13146 13147)
(inline-math 0 13177 13178 13177 13178)
(inline-math 0 13179 13180 13179 13180)
(inline-math 0 13192 13193 13192 13193)
(inline-math 0 13208 13209 13208 13209)
(inline-math 0 13222 13223 13222 13223)
(brace 8 13229 13231 13230 13231)
(brace 9 13231 13233 13232 13233)
(brace 8 13235 13237 13236 13237)
(brace 9 13241 13243 13242 13243)
(inline-math 0 13243 13244 13243 13244)
(inline-math 0 13277 13278 13277 13278)
(inline-math 0 13286 13287 13286 13287)
(inline-math 0 13303 13304 13303 13304)
(inline-math 0 13305 13306 13305 13306)
(inline-math 0 13338 13339 13338 13339)
(inline-math 0 13344 13345 13344 13345)
(inline-math 0 13350 13351 13350 13351)
(inline-math 0 13359 13360 13359 13360)
(inline-math 0 13383 13384 13383 13384)
(inline-math 0 13385 13386 13385 13386)
(inline-math 0 13418 13419 13418 13419)
(inline-math 0 13420 13421 13420 13421)
(inline-math 0 13426 13427 13426 13427)
(inline-math 0 13431 13432 13431 13432)
(inline-math 0 13469 13470 13469 13470)
(inline-math 0 13471 13472 13471 13472)
(inline-math 0 13482 13483 13482 13483)
(inline-math 0 13488 13489 13488 13489)
(inline-math 0 13498 13499 13498 13499)
(inline-math 0 13500 13501 13500 13501)
(inline-math 0 13529 13530 13529 13530)
(inline-math 0 13531 13532 13531 13532)
(inline-math 0 13537 13538 13537 13538)
(inline-math 0 13542 13543 13542 13543)
(environment 3 13546 13562 13546 13562)
(brace 4 13546 13552 13547 13552)
(brace 9 13560 13562 13561 13562)
(environment 3 13563 13572 13563 13572)
(brace 4 13563 13568 13563 13568)
(brace 9 13570 13572 13571 13572)
(comment 0 13574 13575 13574 13575)
(environment 2 13587 13598 13587 13598)
(brace 3 13587 13594 13587 13594)
(brace 9 13596 13598 13597 13598)
(inline-math 0 13604 13605 13604 13605)
(inline-math 0 13609 13610 13609 13610)
(inline-math 0 13633 13634 13633 13634)
(inline-math 0 13637 13638 13637 13638)
(inline-math 0 13652 13653 13652 13653)
(inline-math 0 13654 13655 13654 13655)
(inline-math 0 13701 13702 13701 13702)
(inline-math 0 13703 13704 13703 13704)
(inline-math 0 13717 13718 13717 13718)
(inline-math 0 13732 13733 13732 13733)
(inline-math 0 13748 13749 13748 13749)
(brace 8 13750 13752 13751 13752)
(brace 9 13752 13754 13753 13754)
(inline-math 0 13754 13755 13754 13755)
(inline-math 0 13760 13761 13760 13761)
(brace 8 13764 13766 13765 13766)
(brace 9 13766 13768 13767 13768)
(inline-math 0 13768 13769 13768 13769)
(inline-math 0 13779 13780 13779 13780)
(brace 8 13788 13790 13789 13790)
(brace 9 13790 13792 13791 13792)
(inline-math 0 13794 13795 13794 13795)
(inline-math 0 13799 13800 13799 13800)
(brace 8 13808 13810 13809 13810)
(brace 9 13810 13812 13811 13812)
(inline-math 0 13814 13815 13814 13815)
(environment 2 13842 13860 13842 13860)
(brace 3 13842 13850 13843 13850)
(brace 9 13858 13860 13859 13860)
(inline-math 0 13889 13890 13889 13890)
(inline-math 0 13901 13902 13901 13902)
(environment 0 13906 13923 13906 13923)
(brace 3 13906 13913 13906 13913)
(brace 9 13921 13923 13922 13923)
(brace 8 13934 13936 13935 13936)
(brace 9 13936 13938 13937 13938)
(brace 8 13963 13965 13964 13965)
(brace 9 13965 13967 13966 13967)
(brace 8 13985 13987 13986 13987)
(brace 9 13987 13989 13988 13989)
(environment 1 13998 14013 13998 14013)
(brace 4 13998 14003 13998 14003)
(brace 9 14011 14013 14012 14013)
(inline-math 0 14072 14073 14072 14073)
(inline-math 0 14077 14078 14077 14078)
(inline-math 0 14089 14090 14089 14090)
(brace 8 14091 14093 14092 14093)
(brace 9 14093 14095 14094 14095)
(inline-math 0 14095 14096 14095 14096)
(inline-math 0 14101 14102 14101 14102)
(inline-math 0 14105 14106 14105 14106)
(environment 0 14120 14137 14120 14137)
(brace 3 14120 14127 14120 14127)
(brace 9 14135 14137 14136 14137)
(environment 1 14169 14184 14169 14184)
(brace 4 14169 14174 14169 14174)
(brace 9 14182 14184 14183 14184)
(inline-math 0 14212 14213 14212 14213)
(inline-math 0 14217 14218 14217 14218)
(inline-math 0 14237 14238 14237 14238)
(brace 8 14254 14256 14255 14256)
(brace 9 14256 14258 14257 14258)
(brace 8 14258 14260 14259 14260)
(brace 9 14260 14262 14261 14262)
(brace 8 14268 14270 14269 14270)
(brace 9 14271 14273 14272 14273)
(brace 8 14272 14274 14273 14274)
(brace 8 14283 14285 14284 14285)
(brace 9 14285 14287 14286 14287)
(brace 9 14294 14296 14295 14296)
(inline-math 0 14296 14297 14296 14297)
(brace 8 14306 14308 14307 14308)
(environment 0 14307 14324 14307 14324)
(brace 3 14307 14315 14308 14315)
(brace 9 14322 14324 14323 14324)
(label 0 14325 14336 14332 14335)
(brace label 14325 14332 14325 14332)
(brace 9 14334 14336 14335 14336)
(brace 8 14352 14354 14353 14354)
(brace 9 14354 14356 14355 14356)
(brace 8 14356 14358 14357 14358)
(brace 9 14358 14360 14359 14360)
(brace 8 14366 14368 14367 14368)
(brace 9 14369 14371 14370 14371)
(brace 8 14370 14372 14371 14372)
(brace 8 14381 14383 14382 14383)
(brace 9 14383 14385 14384 14385)
(brace 9 14392 14394 14393 14394)
(environment 1 14395 14409 14395 14409)
(brace 4 14395 14400 14395 14400)
(brace 9 14407 14409 14408 14409)
(brace 9 14410 14411 14410 14411)
(inline-math 0 14492 14493 14492 14493)
(brace 8 14494 14496 14495 14496)
(brace 9 14496 14498 14497 14498)
(inline-math 0 14498 14499 14498 14499)
(inline-math 0 14521 14522 14521 14522)
(inline-math 0 14526 14527 14526 14527)
(environment 3 14543 14559 14543 14559)
(brace 4 14543 14549 14544 14549)
(brace 9 14557 14559 14558 14559)
(environment 3 14560 14569 14560 14569)
(brace 4 14560 14565 14560 14565)
(brace 9 14567 14569 14568 14569)
(environment 2 14571 14582 14571 14582)
(brace 3 14571 14578 14571 14578)
(brace 9 14580 14582 14581 14582)
(inline-math 0 14601 14602 14601 14602)
(brace 8 14605 14607 14606 14607)
(brace 9 14607 14609 14608 14609)
(inline-math 0 14609 14610 14609 14610)
(inline-math 0 14645 14646 14645 14646)
(brace 8 14647 14649 14648 14649)
(brace 9 14649 14651 14650 14651)
(inline-math 0 14651 14652 14651 14652)
(inline-math 0 14672 14673 14672 14673)
(inline-math 0 14674 14675 14674 14675)
(inline-math 0 14688 14689 14688 14689)
(inline-math 0 14690 14691 14690 14691)
(inline-math 0 14698 14699 14698 14699)
(inline-math 0 14700 14701 14700 14701)
(inline-math 0 14705 14706 14705 14706)
(brace 8 14707 14709 14708 14709)
(brace 9 14709 14711 14710 14711)
(inline-math 0 14711 14712 14711 14712)
(inline-math 0 14748 14749 14748 14749)
(inline-math 0 14750 14751 14750 14751)
(inline-math 0 14755 14756 14755 14756)
(inline-math 0 14757 14758 14757 14758)
(inline-math 0 14762 14763 14762 14763)
(brace 8 14766 14768 14767 14768)
(brace 9 14768 14770 14769 14770)
(inline-math 0 14770 14771 14770 14771)
(inline-math 0 14826 14827 14826 14827)
(inline-math 0 14833 14834 14833 14834)
(environment 2 14837 14855 14837 14855)
(brace 3 14837 14845 14838 14845)
(brace 9 14853 14855 14854 14855)
(inline-math 0 14867 14868 14867 14868)
(inline-math 0 14886 14887 14886 14887)
(inline-math 0 14915 14916 14915 14916)
(inline-math 0 14919 14920 14919 14920)
(inline-math 0 14939 14940 14939 14940)
(brace 8 14947 14949 14948 14949)
(brace 9 14949 14951 14950 14951)
(inline-math 0 14951 14952 14951 14952)
(environment 0 14954 14971 14954 14971)
(brace 3 14954 14961 14954 14961)
(brace 9 14969 14971 14970 14971)
(brace 8 14984 14986 14985 14986)
(brace 9 14987 14989 14988 14989)
(environment 1 15019 15034 15019 15034)
(brace 4 15019 15024 15019 15024)
(brace 9 15032 15034 15033 15034)
(inline-math 0 15063 15064 15063 15064)
(inline-math 0 15068 15069 15068 15069)
(inline-math 0 15084 15085 15084 15085)
(inline-math 0 15100 15101 15100 15101)
(inline-math 0 15103 15104 15103 15104)
(brace 8 15128 15130 15129 15130)
(brace 9 15130 15132 15131 15132)
(brace 8 15144 15146 15145 15146)
(brace 9 15146 15148 15147 15148)
(brace 8 15182 15184 15183 15184)
(brace 9 15184 15186 15185 15186)
(inline-math 0 15188 15189 15188 15189)
(brace 8 15198 15200 15199 15200)
(environment 0 15199 15217 15199 15217)
(brace 3 15199 15207 15200 15207)
(brace 9 15215 15217 15216 15217)
(brace 8 15243 15245 15244 15245)
(brace 9 15245 15247 15246 15247)
(brace 8 15259 15261 15260 15261)
(brace 9 15261 15263 15262 15263)
(brace 8 15297 15299 15298 15299)
(brace 9 15299 15301 15300 15301)
(environment 1 15303 15318 15303 15318)
(brace 4 15303 15308 15303 15308)
(brace 9 15316 15318 15317 15318)
(brace 9 15317 15319 15318 15319)
(inline-math 0 15374 15375 15374 15375)
(brace 8 15378 15380 15379 15380)
(brace 9 15380 15382 15381 15382)
(inline-math 0 15383 15384 15383 15384)
(inline-math 0 15405 15406 15405 15406)
(inline-math 0 15407 15408 15407 15408)
(inline-math 0 15422 15423 15422 15423)
(inline-math 0 15430 15431 15430 15431)
(inline-math 0 15458 15459 15458 15459)
(brace 8 15462 15464 15463 15464)
(brace 9 15464 15466 15465 15466)
(inline-math 0 15466 15467 15466 15467)
(inline-math 0 15512 15513 15512 15513)
(inline-math 0 15544 15545 15544 15545)
(inline-math 0 15616 15617 15616 15617)
(brace 8 15630 15632 15631 15632)
(brace 9 15632 15634 15633 15634)
(brace 8 15638 15640 15639 15640)
(brace 9 15640 15642 15641 15642)
(inline-math 0 15643 15644 15643 15644)
(environment 0 15666 15683 15666 15683)
(brace 3 15666 15673 15666 15673)
(brace 9 15681 15683 15682 15683)
(brace 8 15707 15709 15708 15709)
(brace 9 15722 15724 15723 15724)
(brace 8 15730 15732 15731 15732)
(brace 8 15743 15745 15744 15745)
(brace 9 15745 15747 15746 15747)
(brace 9 15748 15750 15749 15750)
(brace 8 15749 15751 15750 15751)
(brace 8 15760 15762 15761 15762)
(brace 9 15762 15764 15763 15764)
(brace 9 15764 15766 15765 15766)
(environment 1 15767 15782 15767 15782)
(brace 4 15767 15772 15767 15772)
(brace 9 15780 15782 15781 15782)
(environment 3 15783 15798 15783 15798)
(brace 4 15783 15788 15783 15788)
(brace 9 15796 15798 15797 15798)
(environment 3 15799 15808 15799 15808)
(brace 4 15799 15804 15799 15804)
(brace 9 15806 15808 15807 15808)
(environment 3 15809 15823 15809 15823)
(brace 4 15809 15814 15809 15814)
(brace 9 15821 15823 15822 15823)
(comment 0 15824 15825 15824 15825)
(comment 0 15825 15826 15825 15826)
(comment 0 15826 15827 15826 15827)
(comment 0 15845 15846 15845 15846)
(comment 0 15846 15847 15846 15847)
(comment 0 15847 15848 15847 15848)
(comment 0 15861 15862 15861 15862)
(comment 0 15862 15863 15862 15863)
(comment 0 15863 15864 15863 15864)
(comment 0 15879 15880 15879 15880)
(comment 0 15880 15881 15880 15881)
(comment 0 15881 15882 15881 15882)
