"3ca500ac36fd5b2371a09cf6bc48df47"
"1f62ab6ad84ea03c1f257dce43aebab0"
(preamble 0 1 30 1 30)
(0 0 1 30 22 29)
(brace 6 1 22 1 22)
(brace 9 28 30 29 30)
(comment 0 31 32 31 32)
(1 0 32 60 54 59)
(brace 8 52 54 53 54)
(brace 9 58 60 59 60)
(1 0 61 85 77 84)
(brace 8 75 77 76 77)
(brace 9 83 85 84 85)
(comment 0 101 102 101 102)
(1 0 132 160 151 159)
(brace 8 149 151 150 151)
(brace 9 158 160 159 160)
(comment 0 171 172 171 172)
(1 0 205 224 217 223)
(brace 0 205 217 205 217)
(brace 9 222 224 223 224)
(comment 0 245 246 245 246)
(1 0 277 297 289 296)
(brace 0 277 289 277 289)
(brace 9 295 297 296 297)
(comment 0 301 302 301 302)
(1 0 336 357 348 356)
(brace 0 336 348 336 348)
(brace 9 355 357 356 357)
(comment 0 360 361 360 361)
(1 0 391 411 403 410)
(brace 0 391 403 391 403)
(brace 9 409 411 410 411)
(comment 0 431 432 431 432)
(1 0 465 485 477 484)
(brace 0 465 477 465 477)
(brace 9 483 485 484 485)
(1 0 486 507 498 506)
(brace 0 486 498 486 498)
(brace 9 505 507 506 507)
(1 0 508 528 520 527)
(brace 0 508 520 508 520)
(brace 9 526 528 527 528)
(comment 0 531 532 531 532)
(brace 8 566 568 567 568)
(brace 9 569 571 570 571)
(brace 8 584 586 585 586)
(brace 9 589 591 590 591)
(brace 8 590 592 591 592)
(brace 9 595 597 596 597)
(brace 8 596 598 597 598)
(brace 9 601 603 602 603)
(brace 8 602 604 603 604)
(brace 9 607 609 608 609)
(brace 8 608 610 609 610)
(brace 9 613 615 614 615)
(brace 8 614 616 615 616)
(brace 9 618 620 619 620)
(brace 8 619 621 620 621)
(brace 9 623 625 624 625)
(brace 8 624 626 625 626)
(brace 9 629 631 630 631)
(comment 0 633 634 633 634)
(brace 8 661 663 662 663)
(brace 9 674 676 675 676)
(brace 8 686 688 687 688)
(brace 9 698 700 699 700)
(brace 8 710 712 711 712)
(brace 9 723 725 724 725)
(brace 8 735 737 736 737)
(brace 9 749 751 750 751)
(newcommand 0 752 782 764 781)
(brace 8 762 764 763 764)
(brace 9 780 782 781 782)
(brace 8 787 789 788 789)
(comment 0 789 790 789 790)
(brace 8 802 804 803 804)
(brace 9 814 816 815 816)
(brace 8 815 817 816 817)
(brace 9 818 820 819 820)
(comment 0 820 821 820 821)
(brace 8 833 835 834 835)
(brace 9 846 848 847 848)
(brace 8 847 849 848 849)
(brace 9 850 852 851 852)
(comment 0 852 853 852 853)
(brace 8 865 867 866 867)
(brace 9 878 880 879 880)
(brace 8 879 881 880 881)
(brace 9 882 884 883 884)
(comment 0 884 885 884 885)
(brace 8 897 899 898 899)
(brace 8 904 906 905 906)
(brace 9 917 919 918 919)
(brace 9 922 924 923 924)
(brace 8 925 927 926 927)
(brace 8 936 938 937 938)
(brace 9 950 952 951 952)
(brace 8 951 953 952 953)
(brace 9 955 957 956 957)
(brace 9 956 958 957 958)
(brace 8 957 959 958 959)
(brace 9 958 960 959 960)
(comment 0 960 961 960 961)
(brace 8 973 975 974 975)
(brace 8 980 982 981 982)
(brace 9 993 995 994 995)
(brace 9 998 1000 999 1000)
(brace 8 1001 1003 1002 1003)
(brace 8 1012 1014 1013 1014)
(brace 9 1026 1028 1027 1028)
(brace 8 1027 1029 1028 1029)
(brace 9 1044 1046 1045 1046)
(brace 9 1045 1047 1046 1047)
(brace 8 1046 1048 1047 1048)
(brace 9 1047 1049 1048 1049)
(comment 0 1049 1050 1049 1050)
(brace 8 1062 1064 1063 1064)
(brace 8 1069 1071 1070 1071)
(brace 9 1082 1084 1083 1084)
(brace 9 1087 1089 1088 1089)
(brace 8 1090 1092 1091 1092)
(brace 8 1101 1103 1102 1103)
(brace 9 1115 1117 1116 1117)
(brace 8 1116 1118 1117 1118)
(brace 9 1131 1133 1132 1133)
(brace 9 1132 1134 1133 1134)
(brace 8 1133 1135 1134 1135)
(brace 9 1134 1136 1135 1136)
(comment 0 1136 1137 1136 1137)
(brace 8 1149 1151 1150 1151)
(brace 8 1156 1158 1157 1158)
(brace 9 1169 1171 1170 1171)
(brace 9 1174 1176 1175 1176)
(brace 8 1177 1179 1178 1179)
(brace 8 1188 1190 1189 1190)
(brace 9 1202 1204 1203 1204)
(brace 8 1203 1205 1204 1205)
(brace 9 1218 1220 1219 1220)
(brace 9 1219 1221 1220 1221)
(brace 8 1220 1222 1221 1222)
(brace 9 1221 1223 1222 1223)
(comment 0 1223 1224 1223 1224)
(brace 8 1236 1238 1237 1238)
(brace 8 1243 1245 1244 1245)
(brace 9 1256 1258 1257 1258)
(brace 9 1261 1263 1262 1263)
(brace 8 1264 1266 1265 1266)
(brace 8 1275 1277 1276 1277)
(brace 9 1289 1291 1290 1291)
(brace 8 1290 1292 1291 1292)
(brace 9 1294 1296 1295 1296)
(brace 9 1295 1297 1296 1297)
(brace 8 1296 1298 1297 1298)
(brace 9 1297 1299 1298 1299)
(comment 0 1299 1300 1299 1300)
(comment 0 1302 1303 1302 1303)
(comment 0 1356 1357 1356 1357)
(comment 0 1393 1394 1393 1394)
(comment 0 1465 1466 1465 1466)
(comment 0 1468 1469 1468 1469)
(comment 0 1498 1499 1498 1499)
(comment 0 1501 1502 1501 1502)
(comment 0 1565 1566 1565 1566)
(brace 8 1584 1586 1585 1586)
(brace 9 1585 1587 1586 1587)
(comment 0 1608 1609 1608 1609)
(comment 0 1611 1612 1611 1612)
(comment 0 1665 1666 1665 1666)
(comment 0 1700 1701 1700 1701)
(brace 9 1702 1703 1702 1703)
(newcommand 0 1704 1725 1716 1724)
(brace 8 1714 1716 1715 1716)
(brace 9 1723 1725 1724 1725)
(brace 8 1730 1732 1731 1732)
(brace 8 1752 1754 1753 1754)
(brace 9 1753 1755 1754 1755)
(brace 8 1754 1756 1755 1756)
(brace 9 1757 1759 1758 1759)
(brace 8 1758 1760 1759 1760)
(brace 9 1759 1761 1760 1761)
(brace 9 1760 1762 1761 1762)
(newcommand 0 1763 1788 1775 1787)
(brace 8 1773 1775 1774 1775)
(brace 9 1786 1788 1787 1788)
(brace 8 1793 1795 1794 1795)
(brace 8 1815 1817 1816 1817)
(brace 9 1818 1820 1819 1820)
(brace 8 1819 1821 1820 1821)
(brace 9 1822 1824 1823 1824)
(brace 8 1823 1825 1824 1825)
(brace 9 1824 1826 1825 1826)
(brace 9 1825 1827 1826 1827)
(newcommand 0 1828 1854 1840 1853)
(brace 8 1838 1840 1839 1840)
(brace 9 1852 1854 1853 1854)
(brace 8 1859 1861 1860 1861)
(brace 8 1881 1883 1882 1883)
(brace 9 1882 1884 1883 1884)
(brace 8 1883 1885 1884 1885)
(brace 9 1886 1888 1887 1888)
(brace 8 1887 1889 1888 1889)
(brace 9 1890 1892 1891 1892)
(brace 9 1891 1893 1892 1893)
(newcommand 0 1894 1924 1906 1923)
(brace 8 1904 1906 1905 1906)
(brace 9 1922 1924 1923 1924)
(brace 8 1929 1931 1930 1931)
(brace 8 1951 1953 1952 1953)
(brace 9 1954 1956 1955 1956)
(brace 8 1955 1957 1956 1957)
(brace 8 1961 1963 1962 1963)
(brace 9 1964 1966 1965 1966)
(brace 9 1965 1967 1966 1967)
(brace 8 1966 1968 1967 1968)
(brace 9 1969 1971 1970 1971)
(brace 9 1970 1972 1971 1972)
(newcommand 0 1974 1994 1986 1993)
(brace 8 1984 1986 1985 1986)
(brace 9 1992 1994 1993 1994)
(brace 8 1996 1998 1997 1998)
(brace 8 2010 2012 2011 2012)
(brace 8 2018 2020 2019 2020)
(brace 9 2021 2023 2022 2023)
(brace 8 2022 2024 2023 2024)
(brace 9 2024 2026 2025 2026)
(brace 9 2026 2028 2027 2028)
(brace 8 2027 2029 2028 2029)
(brace 9 2029 2031 2030 2031)
(brace 8 2030 2032 2031 2032)
(brace 8 2046 2048 2047 2048)
(brace 8 2054 2056 2055 2056)
(brace 9 2057 2059 2058 2059)
(brace 8 2058 2060 2059 2060)
(brace 9 2060 2062 2061 2062)
(brace 9 2062 2064 2063 2064)
(brace 8 2063 2065 2064 2065)
(brace 9 2066 2068 2067 2068)
(brace 8 2067 2069 2068 2069)
(brace 8 2085 2087 2086 2087)
(brace 8 2093 2095 2094 2095)
(brace 9 2096 2098 2097 2098)
(brace 8 2097 2099 2098 2099)
(brace 9 2099 2101 2100 2101)
(brace 9 2101 2103 2102 2103)
(brace 8 2102 2104 2103 2104)
(brace 9 2106 2108 2107 2108)
(brace 8 2107 2109 2108 2109)
(brace 8 2127 2129 2128 2129)
(brace 8 2135 2137 2136 2137)
(brace 9 2138 2140 2139 2140)
(brace 8 2139 2141 2140 2141)
(brace 9 2141 2143 2142 2143)
(brace 9 2143 2145 2144 2145)
(brace 8 2144 2146 2145 2146)
(brace 9 2147 2149 2148 2149)
(brace 8 2148 2150 2149 2150)
(brace 8 2170 2172 2171 2172)
(brace 8 2178 2180 2179 2180)
(brace 9 2181 2183 2182 2183)
(brace 8 2182 2184 2183 2184)
(brace 9 2184 2186 2185 2186)
(brace 9 2186 2188 2187 2188)
(brace 8 2187 2189 2188 2189)
(brace 9 2189 2191 2190 2191)
(brace 8 2190 2192 2191 2192)
(brace 8 2214 2216 2215 2216)
(brace 8 2222 2224 2223 2224)
(brace 9 2225 2227 2226 2227)
(brace 8 2226 2228 2227 2228)
(brace 9 2228 2230 2229 2230)
(brace 9 2230 2232 2231 2232)
(brace 8 2231 2233 2232 2233)
(brace 9 2234 2236 2235 2236)
(brace 8 2235 2237 2236 2237)
(brace 8 2261 2263 2262 2263)
(brace 8 2269 2271 2270 2271)
(brace 9 2272 2274 2273 2274)
(brace 8 2273 2275 2274 2275)
(brace 9 2275 2277 2276 2277)
(brace 9 2277 2279 2278 2279)
(brace 8 2278 2280 2279 2280)
(brace 9 2282 2284 2283 2284)
(brace 8 2283 2285 2284 2285)
(brace 8 2311 2313 2312 2313)
(brace 8 2319 2321 2320 2321)
(brace 9 2322 2324 2323 2324)
(brace 8 2323 2325 2324 2325)
(brace 9 2325 2327 2326 2327)
(brace 9 2327 2329 2328 2329)
(brace 8 2328 2330 2329 2330)
(brace 9 2333 2335 2334 2335)
(brace 8 2334 2336 2335 2336)
(brace 8 2364 2366 2365 2366)
(brace 8 2372 2374 2373 2374)
(brace 9 2375 2377 2376 2377)
(brace 8 2376 2378 2377 2378)
(brace 9 2378 2380 2379 2380)
(brace 9 2380 2382 2381 2382)
(brace 8 2381 2383 2382 2383)
(brace 9 2384 2386 2385 2386)
(brace 8 2385 2387 2386 2387)
(brace 8 2417 2419 2418 2419)
(brace 8 2425 2427 2426 2427)
(brace 9 2428 2430 2429 2430)
(brace 8 2429 2431 2430 2431)
(brace 9 2432 2434 2433 2434)
(brace 9 2434 2436 2435 2436)
(brace 8 2435 2437 2436 2437)
(brace 9 2437 2439 2438 2439)
(brace 8 2438 2440 2439 2440)
(brace 8 2472 2474 2473 2474)
(brace 8 2480 2482 2481 2482)
(brace 9 2483 2485 2484 2485)
(brace 8 2484 2486 2485 2486)
(brace 9 2487 2489 2488 2489)
(brace 9 2489 2491 2490 2491)
(brace 8 2490 2492 2491 2492)
(brace 9 2493 2495 2494 2495)
(brace 8 2494 2496 2495 2496)
(brace 8 2530 2532 2531 2532)
(brace 8 2538 2540 2539 2540)
(brace 9 2541 2543 2542 2543)
(brace 8 2542 2544 2543 2544)
(brace 9 2545 2547 2546 2547)
(brace 9 2547 2549 2548 2549)
(brace 8 2548 2550 2549 2550)
(brace 9 2552 2554 2553 2554)
(brace 8 2553 2555 2554 2555)
(brace 8 2591 2593 2592 2593)
(brace 8 2599 2601 2600 2601)
(brace 9 2602 2604 2603 2604)
(brace 8 2603 2605 2604 2605)
(brace 9 2606 2608 2607 2608)
(brace 9 2608 2610 2609 2610)
(brace 8 2609 2611 2610 2611)
(brace 9 2614 2616 2615 2616)
(brace 8 2615 2617 2616 2617)
(brace 8 2655 2657 2656 2657)
(brace 8 2663 2665 2664 2665)
(brace 9 2666 2668 2667 2668)
(brace 8 2667 2669 2668 2669)
(brace 9 2670 2672 2671 2672)
(brace 9 2672 2674 2673 2674)
(brace 8 2673 2675 2674 2675)
(brace 9 2677 2679 2678 2679)
(brace 8 2678 2680 2679 2680)
(brace 8 2720 2722 2721 2722)
(brace 8 2728 2730 2729 2730)
(brace 9 2731 2733 2732 2733)
(brace 8 2732 2734 2733 2734)
(brace 9 2735 2737 2736 2737)
(brace 9 2737 2739 2738 2739)
(brace 8 2738 2740 2739 2740)
(brace 9 2741 2743 2742 2743)
(brace 8 2742 2744 2743 2744)
(brace 8 2786 2788 2787 2788)
(brace 8 2794 2796 2795 2796)
(brace 9 2797 2799 2798 2799)
(brace 8 2798 2800 2799 2800)
(brace 9 2801 2803 2802 2803)
(brace 9 2803 2805 2804 2805)
(brace 8 2804 2806 2805 2806)
(brace 9 2808 2810 2809 2810)
(brace 8 2809 2811 2810 2811)
(brace 8 2855 2857 2856 2857)
(brace 8 2863 2865 2864 2865)
(brace 9 2866 2868 2867 2868)
(brace 8 2867 2869 2868 2869)
(brace 9 2870 2872 2871 2872)
(brace 9 2872 2874 2873 2874)
(brace 8 2873 2875 2874 2875)
(brace 9 2878 2880 2879 2880)
(brace 8 2879 2881 2880 2881)
(brace 8 2927 2929 2928 2929)
(brace 8 2935 2937 2936 2937)
(brace 9 2938 2940 2939 2940)
(brace 8 2939 2941 2940 2941)
(brace 9 2942 2944 2943 2944)
(brace 9 2944 2946 2945 2946)
(brace 8 2945 2947 2946 2947)
(brace 9 2951 2953 2952 2953)
(brace 8 2952 2954 2953 2954)
(brace 9 3059 3061 3060 3061)
(brace 9 3061 3063 3062 3063)
(brace 9 3063 3065 3064 3065)
(brace 9 3065 3067 3066 3067)
(brace 9 3067 3069 3068 3069)
(brace 9 3069 3071 3070 3071)
(brace 9 3071 3073 3072 3073)
(brace 9 3073 3075 3074 3075)
(brace 9 3075 3077 3076 3077)
(brace 9 3077 3079 3078 3079)
(brace 9 3079 3081 3080 3081)
(brace 9 3081 3083 3082 3083)
(brace 9 3083 3085 3084 3085)
(brace 9 3085 3087 3086 3087)
(brace 9 3087 3089 3088 3089)
(brace 9 3089 3091 3090 3091)
(brace 9 3091 3093 3092 3093)
(brace 9 3093 3095 3094 3095)
(brace 9 3096 3097 3096 3097)
(brace 8 3109 3111 3110 3111)
(brace 9 3119 3121 3120 3121)
(newenvironment 0 3122 3141 3138 3140)
(brace 8 3136 3138 3137 3138)
(brace 9 3139 3141 3140 3141)
(brace 8 3143 3145 3144 3145)
(environment 2 3147 3160 3147 3160)
(brace 3 3147 3155 3148 3155)
(brace 9 3158 3160 3159 3160)
(brace 8 3159 3161 3160 3161)
(inline-math 0 3162 3163 3162 3163)
(brace 8 3169 3171 3170 3171)
(brace 9 3183 3185 3184 3185)
(inline-math 0 3185 3186 3185 3186)
(brace 9 3186 3188 3187 3188)
(brace 8 3187 3189 3188 3189)
(brace 8 3205 3207 3206 3207)
(brace 9 3215 3217 3216 3217)
(brace 8 3334 3336 3335 3336)
(brace 9 3346 3348 3347 3348)
(brace 8 3347 3349 3348 3349)
(brace 9 3352 3354 3353 3354)
(comment 0 3389 3390 3389 3390)
(brace 8 3402 3404 3403 3404)
(brace 9 3414 3416 3415 3416)
(brace 8 3415 3417 3416 3417)
(brace 9 3425 3427 3426 3427)
(brace 9 3430 3432 3431 3432)
(brace 9 3431 3433 3432 3433)
(brace 8 3432 3434 3433 3434)
(environment 3 3433 3444 3433 3444)
(brace 4 3433 3439 3434 3439)
(brace 9 3442 3444 3443 3444)
(brace 9 3445 3446 3445 3446)
(comment 0 3449 3450 3449 3450)
(newcommand 0 3492 3509 3504 3508)
(brace 8 3502 3504 3503 3504)
(brace 9 3507 3509 3508 3509)
(brace 8 3508 3510 3509 3510)
(brace 8 3518 3520 3519 3520)
(brace 9 3520 3522 3521 3522)
(brace 9 3521 3523 3522 3523)
(newcommand 0 3524 3541 3536 3540)
(brace 8 3534 3536 3535 3536)
(brace 9 3539 3541 3540 3541)
(brace 8 3540 3542 3541 3542)
(brace 8 3550 3552 3551 3552)
(brace 9 3552 3554 3553 3554)
(brace 9 3553 3555 3554 3555)
(newcommand 0 3556 3572 3568 3571)
(brace 8 3566 3568 3567 3568)
(brace 9 3570 3572 3571 3572)
(brace 8 3571 3573 3572 3573)
(brace 8 3579 3581 3580 3581)
(brace 9 3581 3583 3582 3583)
(brace 9 3582 3584 3583 3584)
(newcommand 0 3585 3601 3597 3600)
(brace 8 3595 3597 3596 3597)
(brace 9 3599 3601 3600 3601)
(brace 8 3600 3602 3601 3602)
(brace 8 3608 3610 3609 3610)
(brace 9 3610 3612 3611 3612)
(brace 9 3611 3613 3612 3613)
(newcommand 0 3614 3630 3626 3629)
(brace 8 3624 3626 3625 3626)
(brace 9 3628 3630 3629 3630)
(brace 8 3629 3631 3630 3631)
(brace 9 3636 3638 3637 3638)
(newcommand 0 3639 3656 3651 3655)
(brace 8 3649 3651 3650 3651)
(brace 9 3654 3656 3655 3656)
(brace 8 3658 3660 3659 3660)
(brace 8 3659 3661 3660 3661)
(brace 8 3671 3673 3672 3673)
(brace 8 3679 3681 3680 3681)
(brace 9 3682 3684 3683 3684)
(brace 9 3683 3685 3684 3685)
(brace 9 3684 3686 3685 3686)
(brace 9 3685 3687 3686 3687)
(newcommand 0 3688 3707 3700 3706)
(brace 8 3698 3700 3699 3700)
(brace 9 3705 3707 3706 3707)
(brace 8 3706 3708 3707 3708)
(brace 8 3719 3721 3720 3721)
(brace 9 3725 3727 3726 3727)
(brace 8 3726 3728 3727 3728)
(brace 9 3733 3735 3734 3735)
(brace 9 3734 3736 3735 3736)
(newcommand 0 3737 3760 3749 3759)
(brace 8 3747 3749 3748 3749)
(brace 9 3758 3760 3759 3760)
(brace 8 3762 3764 3763 3764)
(brace 8 3774 3776 3775 3776)
(brace 9 3792 3794 3793 3794)
(brace 9 3793 3795 3794 3795)
(newcommand 0 3796 3813 3808 3812)
(brace 8 3806 3808 3807 3808)
(brace 9 3811 3813 3812 3813)
(brace 8 3815 3817 3816 3817)
(brace 8 3827 3829 3828 3829)
(brace 8 3838 3840 3839 3840)
(brace 9 3841 3843 3842 3843)
(brace 9 3842 3844 3843 3844)
(brace 9 3843 3845 3844 3845)
(comment 0 3852 3853 3852 3853)
(newcommand 0 3863 3879 3875 3878)
(brace 8 3873 3875 3874 3875)
(brace 9 3877 3879 3878 3879)
(brace 8 3878 3880 3879 3880)
(brace 9 3892 3894 3893 3894)
(comment 0 3897 3898 3897 3898)
(brace 8 3962 3964 3963 3964)
(brace 9 3973 3975 3974 3975)
(comment 0 3975 3976 3975 3976)
(brace 8 3977 3978 3977 3978)
(brace 8 4001 4003 4002 4003)
(brace 9 4010 4012 4011 4012)
(brace 9 4011 4013 4012 4013)
(brace 8 4026 4028 4027 4028)
(brace 9 4036 4038 4037 4038)
(brace 8 4037 4039 4038 4039)
(brace 9 4048 4050 4049 4050)
(comment 0 4066 4067 4066 4067)
(comment 0 4067 4068 4067 4068)
(comment 0 4068 4069 4068 4069)
(comment 0 4069 4070 4069 4070)
(comment 0 4070 4071 4070 4071)
(newcommand 0 4092 4113 4104 4112)
(brace 8 4102 4104 4103 4104)
(brace 9 4111 4113 4112 4113)
(brace 8 4112 4114 4113 4114)
(brace 9 4125 4127 4126 4127)
(brace 8 4138 4140 4139 4140)
(brace 9 4143 4145 4144 4145)
(brace 8 4158 4160 4159 4160)
(brace 9 4167 4169 4168 4169)
(brace 8 4168 4170 4169 4170)
(brace 8 4176 4178 4177 4178)
(brace 9 4181 4183 4182 4183)
(brace 9 4182 4184 4183 4184)
(newenvironment 0 4186 4206 4202 4205)
(brace 8 4200 4202 4201 4202)
(brace 9 4204 4206 4205 4206)
(brace 8 4216 4217 4216 4217)
(brace 8 4233 4235 4234 4235)
(brace 9 4238 4240 4239 4240)
(brace 8 4252 4254 4253 4254)
(brace 8 4260 4262 4261 4262)
(brace 9 4263 4265 4264 4265)
(brace 8 4264 4266 4265 4266)
(brace 9 4269 4271 4270 4271)
(brace 9 4271 4273 4272 4273)
(brace 8 4272 4274 4273 4274)
(brace 8 4287 4289 4288 4289)
(brace 9 4314 4316 4315 4316)
(brace 9 4317 4319 4318 4319)
(brace 8 4318 4320 4319 4320)
(brace 8 4333 4335 4334 4335)
(brace 8 4360 4362 4361 4362)
(brace 9 4361 4363 4362 4363)
(brace 9 4375 4377 4376 4377)
(brace 9 4378 4380 4379 4380)
(comment 0 4382 4383 4382 4383)
(comment 0 4394 4395 4394 4395)
(brace 9 4404 4405 4404 4405)
(brace 9 4406 4408 4407 4408)
(brace 8 4406 4407 4406 4407)
(brace 8 4420 4422 4421 4422)
(brace 9 4431 4433 4432 4433)
(newenvironment 0 4434 4460 4450 4459)
(brace 8 4448 4450 4449 4450)
(brace 9 4458 4460 4459 4460)
(brace 8 4459 4461 4460 4461)
(environment 2 4462 4475 4462 4475)
(brace 3 4462 4470 4463 4470)
(brace 9 4473 4475 4474 4475)
(brace 8 4474 4476 4475 4476)
(brace 8 4475 4477 4476 4477)
(brace 8 4489 4491 4490 4491)
(brace 9 4500 4502 4501 4502)
(brace 9 4502 4504 4503 4504)
(brace 9 4503 4505 4504 4505)
(brace 8 4504 4506 4505 4506)
(brace 8 4522 4524 4523 4524)
(brace 9 4533 4535 4534 4535)
(brace 8 4631 4633 4632 4633)
(brace 9 4643 4645 4644 4645)
(brace 8 4644 4646 4645 4646)
(brace 8 4645 4647 4646 4647)
(brace 9 4657 4659 4658 4659)
(brace 9 4658 4660 4659 4660)
(brace 8 4719 4721 4720 4721)
(brace 9 4731 4733 4732 4733)
(brace 8 4732 4734 4733 4734)
(brace 9 4742 4744 4743 4744)
(brace 9 4747 4749 4748 4749)
(brace 9 4748 4750 4749 4750)
(brace 8 4749 4751 4750 4751)
(environment 3 4750 4761 4750 4761)
(brace 4 4750 4756 4751 4756)
(brace 9 4759 4761 4760 4761)
(brace 9 4761 4763 4762 4763)
(comment 0 4766 4767 4766 4767)
(comment 0 4767 4768 4767 4768)
(comment 0 4768 4769 4768 4769)
(comment 0 4769 4770 4769 4770)
(comment 0 4770 4771 4770 4771)
(comment 0 4771 4772 4771 4772)
(comment 0 4772 4773 4772 4773)
(comment 0 4773 4774 4773 4774)
(comment 0 4774 4775 4774 4775)
(comment 0 4775 4776 4775 4776)
(comment 0 4776 4777 4776 4777)
(comment 0 4777 4778 4777 4778)
(comment 0 4778 4779 4778 4779)
(comment 0 4779 4780 4779 4780)
(comment 0 4780 4781 4780 4781)
(comment 0 4781 4782 4781 4782)
(comment 0 4782 4783 4782 4783)
(comment 0 4783 4784 4783 4784)
(comment 0 4784 4785 4784 4785)
(comment 0 4785 4786 4785 4786)
(comment 0 4786 4787 4786 4787)
(comment 0 4787 4788 4787 4788)
(comment 0 4788 4789 4788 4789)
(comment 0 4789 4790 4789 4790)
(comment 0 4790 4791 4790 4791)
(comment 0 4791 4792 4791 4792)
(comment 0 4792 4793 4792 4793)
(comment 0 4793 4794 4793 4794)
(comment 0 4794 4795 4794 4795)
(comment 0 4795 4796 4795 4796)
(comment 0 4796 4797 4796 4797)
(comment 0 4797 4798 4797 4798)
(comment 0 4798 4799 4798 4799)
(comment 0 4799 4800 4799 4800)
(comment 0 4800 4801 4800 4801)
(comment 0 4801 4802 4801 4802)
(comment 0 4802 4803 4802 4803)
(comment 0 4803 4804 4803 4804)
(comment 0 4804 4805 4804 4805)
(comment 0 4805 4806 4805 4806)
(comment 0 4806 4807 4806 4807)
(newcommand 0 4809 4837 4821 4836)
(brace 8 4819 4821 4820 4821)
(brace 9 4835 4837 4836 4837)
(brace 8 4836 4838 4837 4838)
(brace 8 4844 4846 4845 4846)
(brace 9 4848 4850 4849 4850)
(brace 9 4849 4851 4850 4851)
(newcommand 0 4852 4879 4864 4878)
(brace 8 4862 4864 4863 4864)
(brace 9 4877 4879 4878 4879)
(brace 8 4878 4880 4879 4880)
(brace 8 4886 4888 4887 4888)
(brace 9 4890 4892 4891 4892)
(brace 9 4891 4893 4892 4893)
(newcommand 0 4894 4916 4906 4915)
(brace 8 4904 4906 4905 4906)
(brace 9 4914 4916 4915 4916)
(brace 8 4915 4917 4916 4917)
(brace 9 4916 4918 4917 4918)
(newcommand 0 4921 4952 4933 4951)
(brace 8 4931 4933 4932 4933)
(brace 9 4950 4952 4951 4952)
(comment 0 4957 4958 4957 4958)
(brace 8 5008 5009 5008 5009)
(brace 8 5021 5023 5022 5023)
(brace 8 5029 5031 5030 5031)
(brace 9 5032 5034 5033 5034)
(brace 8 5033 5035 5034 5035)
(brace 9 5038 5040 5039 5040)
(brace 9 5040 5042 5041 5042)
(brace 8 5041 5043 5042 5043)
(brace 8 5072 5074 5073 5074)
(brace 9 5085 5087 5086 5087)
(brace 9 5088 5090 5089 5090)
(brace 8 5089 5091 5090 5091)
(brace 8 5120 5122 5121 5122)
(brace 9 5146 5148 5147 5148)
(brace 9 5149 5151 5150 5151)
(brace 9 5152 5153 5152 5153)
(comment 0 5155 5156 5155 5156)
(comment 0 5192 5193 5192 5193)
(comment 0 5201 5202 5201 5202)
(newenvironment 0 5238 5261 5254 5260)
(brace 8 5252 5254 5253 5254)
(brace 9 5259 5261 5260 5261)
(brace 8 5271 5272 5271 5272)
(brace 8 5290 5292 5291 5292)
(brace 9 5297 5299 5298 5299)
(brace 8 5298 5300 5299 5300)
(brace 9 5301 5303 5302 5303)
(brace 9 5303 5305 5304 5305)
(brace 8 5306 5307 5306 5307)
(brace 9 5329 5331 5330 5331)
(newcommand 0 5334 5356 5346 5355)
(brace 8 5344 5346 5345 5346)
(brace 9 5354 5356 5355 5356)
(brace 8 5358 5360 5359 5360)
(comment 0 5360 5361 5360 5361)
(brace 8 5373 5375 5374 5375)
(environment 2 5413 5427 5413 5427)
(brace 3 5413 5421 5414 5421)
(brace 9 5425 5427 5426 5427)
(brace 8 5426 5428 5427 5428)
(brace 8 5429 5431 5430 5431)
(brace 9 5432 5434 5433 5434)
(brace 8 5435 5437 5436 5437)
(brace 9 5438 5440 5439 5440)
(brace 9 5440 5442 5441 5442)
(environment 3 5524 5536 5524 5536)
(brace 4 5524 5530 5525 5530)
(brace 9 5534 5536 5535 5536)
(brace 9 5549 5551 5550 5551)
(brace 9 5550 5552 5551 5552)
(newcommand 0 5553 5569 5565 5568)
(brace 8 5563 5565 5564 5565)
(brace 9 5567 5569 5568 5569)
(brace 8 5568 5570 5569 5570)
(brace 9 5576 5578 5577 5578)
(newcommand 0 5579 5597 5591 5596)
(brace 8 5589 5591 5590 5591)
(brace 9 5595 5597 5596 5597)
(brace 8 5599 5601 5600 5601)
(brace 8 5608 5610 5609 5610)
(brace 9 5610 5612 5611 5612)
(brace 8 5612 5614 5613 5614)
(brace 9 5615 5617 5616 5617)
(brace 9 5616 5618 5617 5618)
(newcommand 0 5619 5635 5631 5634)
(brace 8 5629 5631 5630 5631)
(brace 9 5633 5635 5634 5635)
(brace 8 5634 5636 5635 5636)
(brace 8 5642 5644 5643 5644)
(brace 9 5644 5646 5645 5646)
(brace 9 5645 5647 5646 5647)
(newcommand 0 5648 5664 5660 5663)
(brace 8 5658 5660 5659 5660)
(brace 9 5662 5664 5663 5664)
(brace 8 5663 5665 5664 5665)
(brace 8 5671 5673 5672 5673)
(brace 9 5673 5675 5674 5675)
(brace 9 5674 5676 5675 5676)
(newcommand 0 5677 5693 5689 5692)
(brace 8 5687 5689 5688 5689)
(brace 9 5691 5693 5692 5693)
(brace 8 5692 5694 5693 5694)
(brace 8 5700 5702 5701 5702)
(brace 9 5702 5704 5703 5704)
(brace 9 5703 5705 5704 5705)
(newenvironment 0 5707 5728 5723 5727)
(brace 8 5721 5723 5722 5723)
(brace 9 5726 5728 5727 5728)
(comment 0 5734 5735 5734 5735)
(brace 8 5736 5737 5736 5737)
(brace 8 5747 5749 5748 5749)
(environment 2 5772 5786 5772 5786)
(brace 3 5772 5780 5773 5780)
(brace 9 5784 5786 5785 5786)
(brace 8 5785 5787 5786 5787)
(brace 8 5789 5791 5790 5791)
(brace 9 5795 5797 5796 5797)
(brace 9 5797 5799 5798 5799)
(brace 9 5798 5800 5799 5800)
(brace 9 5799 5801 5800 5801)
(comment 0 5801 5802 5801 5802)
(brace 8 5840 5842 5841 5842)
(environment 3 5841 5853 5841 5853)
(brace 4 5841 5847 5842 5847)
(brace 9 5851 5853 5852 5853)
(brace 9 5859 5861 5860 5861)
(newcommand 0 5896 5912 5909 5911)
(brace 8 5907 5909 5908 5909)
(brace 9 5910 5912 5911 5912)
(brace 8 5914 5916 5915 5916)
(brace 8 5915 5917 5916 5917)
(brace 8 5927 5929 5928 5929)
(comment 0 5940 5941 5940 5941)
(brace 8 5981 5983 5982 5983)
(brace 8 5988 5990 5989 5990)
(brace 9 5991 5993 5992 5993)
(brace 8 5992 5994 5993 5994)
(brace 9 5995 5997 5996 5997)
(brace 9 5996 5998 5997 5998)
(brace 8 6038 6040 6039 6040)
(brace 8 6045 6047 6046 6047)
(brace 9 6048 6050 6049 6050)
(brace 8 6049 6051 6050 6051)
(brace 9 6052 6054 6053 6054)
(brace 9 6053 6055 6054 6055)
(brace 8 6095 6097 6096 6097)
(brace 8 6101 6103 6102 6103)
(brace 9 6104 6106 6105 6106)
(brace 8 6105 6107 6106 6107)
(brace 9 6108 6110 6109 6110)
(brace 9 6109 6111 6110 6111)
(brace 8 6151 6153 6152 6153)
(brace 8 6157 6159 6158 6159)
(brace 9 6160 6162 6161 6162)
(brace 8 6161 6163 6162 6163)
(brace 9 6164 6166 6165 6166)
(brace 9 6165 6167 6166 6167)
(brace 9 6205 6207 6206 6207)
(brace 9 6206 6208 6207 6208)
(brace 9 6207 6209 6208 6209)
(brace 8 6256 6258 6257 6258)
(brace 9 6260 6262 6261 6262)
(brace 8 6261 6263 6262 6263)
(brace 9 6271 6273 6272 6273)
(newcommand 0 6307 6324 6320 6323)
(brace 8 6318 6320 6319 6320)
(brace 9 6322 6324 6323 6324)
(brace 8 6323 6325 6324 6325)
(brace 9 6335 6337 6336 6337)
(newcommand 0 6371 6394 6384 6393)
(brace 8 6382 6384 6383 6384)
(brace 9 6392 6394 6393 6394)
(brace 8 6396 6398 6397 6398)
(brace 8 6397 6399 6398 6399)
(brace 9 6413 6415 6414 6415)
(brace 9 6414 6416 6415 6416)
(newcommand 0 6450 6469 6463 6468)
(brace 8 6461 6463 6462 6463)
(brace 9 6467 6469 6468 6469)
(brace 8 6471 6473 6472 6473)
(brace 8 6483 6485 6484 6485)
(brace 9 6508 6510 6509 6510)
(brace 9 6509 6511 6510 6511)
(newcommand 0 6545 6564 6558 6563)
(brace 8 6556 6558 6557 6558)
(brace 9 6562 6564 6563 6564)
(brace 8 6566 6568 6567 6568)
(brace 8 6578 6580 6579 6580)
(brace 8 6586 6588 6587 6588)
(brace 9 6590 6592 6591 6592)
(brace 8 6592 6594 6593 6594)
(brace 9 6595 6597 6596 6597)
(brace 8 6597 6599 6598 6599)
(brace 9 6600 6602 6601 6602)
(brace 9 6605 6607 6606 6607)
(brace 9 6606 6608 6607 6608)
(newcommand 0 6642 6660 6655 6659)
(brace 8 6653 6655 6654 6655)
(brace 9 6658 6660 6659 6660)
(brace 8 6662 6664 6663 6664)
(brace 8 6668 6670 6669 6670)
(brace 9 6671 6673 6672 6673)
(brace 8 6672 6674 6673 6674)
(brace 9 6673 6675 6674 6675)
(brace 8 6674 6676 6675 6676)
(brace 9 6677 6679 6678 6679)
(brace 9 6678 6680 6679 6680)
(newcommand 0 6714 6731 6727 6730)
(brace 8 6725 6727 6726 6727)
(brace 9 6729 6731 6730 6731)
(brace 8 6730 6732 6731 6732)
(brace 8 6742 6744 6743 6744)
(brace 8 6750 6752 6751 6752)
(brace 9 6753 6755 6754 6755)
(brace 9 6754 6756 6755 6756)
(brace 9 6755 6757 6756 6757)
(brace 8 6804 6806 6805 6806)
(brace 9 6807 6809 6808 6809)
(brace 8 6808 6810 6809 6810)
(brace 8 6820 6822 6821 6822)
(brace 8 6828 6830 6829 6830)
(brace 9 6830 6832 6831 6832)
(brace 9 6831 6833 6832 6833)
(brace 9 6832 6834 6833 6834)
(brace 8 6881 6883 6882 6883)
(brace 9 6886 6888 6887 6888)
(brace 8 6887 6889 6888 6889)
(brace 9 6897 6899 6898 6899)
(brace 8 6946 6948 6947 6948)
(brace 9 6951 6953 6952 6953)
(brace 8 6952 6954 6953 6954)
(brace 9 6962 6964 6963 6964)
(1 0 7000 7022 7013 7021)
(brace 0 7000 7013 7001 7013)
(brace 9 7020 7022 7021 7022)
(brace 8 7070 7072 7071 7072)
(brace 9 7078 7080 7079 7080)
(brace 8 7079 7081 7080 7081)
(brace 8 7091 7093 7092 7093)
(brace 9 7105 7107 7106 7107)
(brace 8 7106 7108 7107 7108)
(brace 8 7132 7134 7133 7134)
(brace 9 7137 7139 7138 7139)
(brace 9 7146 7148 7147 7148)
(brace 8 7147 7149 7148 7149)
(brace 8 7161 7163 7162 7163)
(brace 9 7166 7168 7167 7168)
(brace 8 7167 7169 7168 7169)
(brace 9 7170 7172 7171 7172)
(brace 8 7196 7198 7197 7198)
(brace 9 7201 7203 7202 7203)
(brace 9 7210 7212 7211 7212)
(brace 9 7211 7213 7212 7213)
(preamble 1 7248 7265 7249 7265)
(environment 2 7248 7265 7248 7265)
(brace 3 7248 7256 7249 7256)
(brace 9 7263 7265 7264 7265)
(comment 0 7302 7303 7302 7303)
(brace 8 7442 7444 7443 7444)
(brace 8 7443 7445 7444 7445)
(brace 9 7501 7503 7502 7503)
(brace 9 7502 7504 7503 7504)
(brace 8 7503 7505 7504 7505)
(brace 9 7504 7506 7505 7506)
(brace 8 7540 7542 7541 7542)
(brace 8 7541 7543 7542 7543)
(brace 9 7575 7577 7576 7577)
(brace 9 7576 7578 7577 7578)
(brace 8 7632 7634 7633 7634)
(brace 8 7633 7635 7634 7635)
(brace 9 7704 7706 7705 7706)
(brace 9 7705 7707 7706 7707)
(brace 8 7706 7708 7707 7708)
(brace 9 7707 7709 7708 7709)
(brace 8 7708 7710 7709 7710)
(brace 8 7709 7711 7710 7711)
(brace 9 7791 7793 7792 7793)
(brace 9 7792 7794 7793 7794)
(brace 8 7845 7847 7846 7847)
(brace 8 7846 7848 7847 7848)
(brace 9 7943 7945 7944 7945)
(brace 9 7944 7946 7945 7946)
(comment 0 7981 7982 7981 7982)
(environment 2 8119 8131 8119 8131)
(brace 3 8119 8127 8120 8127)
(brace 9 8129 8131 8130 8131)
(inline-math 0 8205 8206 8205 8206)
(inline-math 0 8219 8220 8219 8220)
(inline-math 0 8242 8243 8242 8243)
(inline-math 0 8256 8257 8256 8257)
(inline-math 0 8292 8293 8292 8293)
(inline-math 0 8294 8295 8294 8295)
(inline-math 0 8319 8320 8319 8320)
(inline-math 0 8327 8328 8327 8328)
(environment 2 8375 8391 8375 8391)
(brace 3 8375 8383 8376 8383)
(brace 9 8389 8391 8390 8391)
(inline-math 0 8439 8440 8439 8440)
(inline-math 0 8461 8462 8461 8462)
(inline-math 0 8531 8532 8531 8532)
(inline-math 0 8538 8539 8538 8539)
(inline-math 0 8548 8549 8548 8549)
(brace 8 8553 8555 8554 8555)
(brace 9 8561 8563 8562 8563)
(inline-math 0 8583 8584 8583 8584)
(environment 3 8621 8635 8621 8635)
(brace 4 8621 8627 8622 8627)
(brace 9 8633 8635 8634 8635)
(environment 3 8669 8679 8669 8679)
(brace 4 8669 8675 8670 8675)
(brace 9 8677 8679 8678 8679)
(environment 2 8725 8737 8725 8737)
(brace 3 8725 8733 8726 8733)
(brace 9 8735 8737 8736 8737)
(inline-math 0 8826 8827 8826 8827)
(inline-math 0 8840 8841 8840 8841)
(inline-math 0 8863 8864 8863 8864)
(inline-math 0 8877 8878 8877 8878)
(inline-math 0 8914 8915 8914 8915)
(inline-math 0 8920 8921 8920 8921)
(inline-math 0 8935 8936 8935 8936)
(inline-math 0 8942 8943 8942 8943)
(inline-math 0 8972 8973 8972 8973)
(inline-math 0 8996 8997 8996 8997)
(inline-math 0 9011 9012 9011 9012)
(inline-math 0 9024 9025 9024 9025)
(environment 3 9060 9070 9060 9070)
(brace 4 9060 9066 9061 9066)
(brace 9 9068 9070 9069 9070)
(environment 2 9148 9160 9148 9160)
(brace 3 9148 9156 9149 9156)
(brace 9 9158 9160 9159 9160)
(inline-math 0 9281 9282 9281 9282)
(brace 8 9293 9295 9294 9295)
(brace 9 9295 9297 9296 9297)
(inline-math 0 9304 9305 9304 9305)
(brace 8 9372 9374 9373 9374)
(inline-math 0 9372 9373 9372 9373)
(brace 9 9633 9635 9634 9635)
(inline-math 0 9635 9636 9635 9636)
(inline-math 0 9656 9657 9656 9657)
(inline-math 0 9658 9659 9658 9659)
(environment 2 9822 9840 9822 9840)
(brace 3 9822 9830 9823 9830)
(brace 9 9838 9840 9839 9840)
(inline-math 0 9897 9898 9897 9898)
(brace 8 9958 9960 9959 9960)
(brace 8 10014 10016 10015 10016)
(brace 9 10016 10018 10017 10018)
(brace 9 10017 10019 10018 10019)
(brace 8 10018 10020 10019 10020)
(brace 9 10026 10028 10027 10028)
(inline-math 0 10032 10033 10032 10033)
(inline-math 0 10091 10092 10091 10092)
(inline-math 0 10095 10096 10095 10096)
(inline-math 0 10166 10167 10166 10167)
(inline-math 0 10170 10171 10170 10171)
(environment 3 10329 10345 10329 10345)
(brace 4 10329 10335 10330 10335)
(brace 9 10343 10345 10344 10345)
(environment 3 10381 10391 10381 10391)
(brace 4 10381 10387 10382 10387)
(brace 9 10389 10391 10390 10391)
(environment 2 10472 10484 10472 10484)
(brace 3 10472 10480 10473 10480)
(brace 9 10482 10484 10483 10484)
(inline-math 0 10552 10553 10552 10553)
(inline-math 0 10558 10559 10558 10559)
(inline-math 0 10595 10596 10595 10596)
(inline-math 0 10602 10603 10602 10603)
(inline-math 0 10653 10654 10653 10654)
(inline-math 0 10655 10656 10655 10656)
(inline-math 0 10660 10661 10660 10661)
(inline-math 0 10667 10668 10667 10668)
(inline-math 0 10738 10739 10738 10739)
(inline-math 0 10755 10756 10755 10756)
(inline-math 0 10783 10784 10783 10784)
(inline-math 0 10787 10788 10787 10788)
(environment 2 10790 10808 10790 10808)
(brace 3 10790 10798 10791 10798)
(brace 9 10806 10808 10807 10808)
(inline-math 0 10884 10885 10884 10885)
(inline-math 0 10887 10888 10887 10888)
(inline-math 0 10889 10890 10889 10890)
(inline-math 0 10909 10910 10909 10910)
(inline-math 0 10912 10913 10912 10913)
(inline-math 0 10928 10929 10928 10929)
(inline-math 0 10938 10939 10938 10939)
(inline-math 0 10955 10956 10955 10956)
(inline-math 0 10958 10959 10958 10959)
(inline-math 0 10976 10977 10976 10977)
(inline-math 0 10982 10983 10982 10983)
(inline-math 0 10994 10995 10994 10995)
(inline-math 0 11002 11003 11002 11003)
(inline-math 0 11027 11028 11027 11028)
(inline-math 0 11082 11083 11082 11083)
(inline-math 0 11090 11091 11090 11091)
(inline-math 0 11093 11094 11093 11094)
(inline-math 0 11123 11124 11123 11124)
(environment 3 11186 11202 11186 11202)
(brace 4 11186 11192 11187 11192)
(brace 9 11200 11202 11201 11202)
(environment 3 11236 11246 11236 11246)
(brace 4 11236 11242 11237 11242)
(brace 9 11244 11246 11245 11246)
(environment 2 11325 11337 11325 11337)
(brace 3 11325 11333 11326 11333)
(brace 9 11335 11337 11336 11337)
(inline-math 0 11403 11404 11403 11404)
(inline-math 0 11409 11410 11409 11410)
(inline-math 0 11433 11434 11433 11434)
(brace 8 11441 11443 11442 11443)
(brace 9 11443 11445 11444 11445)
(inline-math 0 11448 11449 11448 11449)
(inline-math 0 11519 11520 11519 11520)
(inline-math 0 11531 11532 11531 11532)
(inline-math 0 11536 11537 11536 11537)
(inline-math 0 11548 11549 11548 11549)
(inline-math 0 11598 11599 11598 11599)
(brace 8 11600 11602 11601 11602)
(brace 9 11609 11611 11610 11611)
(inline-math 0 11648 11649 11648 11649)
(environment 2 11686 11704 11686 11704)
(brace 3 11686 11694 11687 11694)
(brace 9 11702 11704 11703 11704)
(inline-math 0 11759 11760 11759 11760)
(brace 8 11791 11793 11792 11793)
(brace 9 11841 11843 11842 11843)
(brace 8 11842 11844 11843 11844)
(brace 9 11847 11849 11848 11849)
(brace 8 11857 11859 11858 11859)
(brace 9 11865 11867 11866 11867)
(brace 8 11866 11868 11867 11868)
(brace 9 11871 11873 11872 11873)
(brace 8 11890 11892 11891 11892)
(brace 9 11940 11942 11941 11942)
(brace 8 11941 11943 11942 11943)
(brace 9 11946 11948 11947 11948)
(brace 8 11956 11958 11957 11958)
(brace 9 11964 11966 11965 11966)
(brace 8 11965 11967 11966 11967)
(brace 9 11970 11972 11971 11972)
(inline-math 0 11987 11988 11987 11988)
(inline-math 0 12048 12049 12048 12049)
(brace 8 12056 12058 12057 12058)
(brace 9 12058 12060 12059 12060)
(inline-math 0 12063 12064 12063 12064)
(inline-math 0 12120 12121 12120 12121)
(brace 8 12201 12203 12202 12203)
(brace 9 12210 12212 12211 12212)
(brace 5 12214 12221 12215 12221)
(brace 9 12222 12224 12223 12224)
(brace 8 12238 12240 12239 12240)
(brace 9 12247 12249 12248 12249)
(inline-math 0 12252 12253 12252 12253)
(inline-math 0 12313 12314 12313 12314)
(inline-math 0 12315 12316 12315 12316)
(inline-math 0 12378 12379 12378 12379)
(brace 8 12386 12388 12387 12388)
(brace 9 12388 12390 12389 12390)
(inline-math 0 12393 12394 12393 12394)
(inline-math 0 12498 12499 12498 12499)
(inline-math 0 12506 12507 12506 12507)
(inline-math 0 12571 12572 12571 12572)
(inline-math 0 12573 12574 12573 12574)
(inline-math 0 12648 12649 12648 12649)
(inline-math 0 12660 12661 12660 12661)
(inline-math 0 12721 12722 12721 12722)
(inline-math 0 12723 12724 12723 12724)
(inline-math 0 12830 12831 12830 12831)
(brace 8 12838 12840 12839 12840)
(brace 9 12840 12842 12841 12842)
(inline-math 0 12845 12846 12845 12846)
(brace 8 12952 12954 12953 12954)
(brace 9 12963 12965 12964 12965)
(environment 3 13587 13603 13587 13603)
(brace 4 13587 13593 13588 13593)
(brace 9 13601 13603 13602 13603)
(environment 3 13637 13647 13637 13647)
(brace 4 13637 13643 13638 13643)
(brace 9 13645 13647 13646 13647)
(comment 0 13683 13684 13683 13684)
(comment 0 13810 13811 13810 13811)
(environment 3 13936 13951 13936 13951)
(brace 4 13936 13942 13937 13942)
(brace 9 13949 13951 13950 13951)
(comment 0 13952 13953 13952 13953)
(comment 0 13953 13954 13953 13954)
(comment 0 13954 13955 13954 13955)
(comment 0 13973 13974 13973 13974)
(comment 0 13974 13975 13974 13975)
(comment 0 13975 13976 13975 13976)
(comment 0 13989 13990 13989 13990)
(comment 0 13990 13991 13990 13991)
(comment 0 13991 13992 13991 13992)
(comment 0 14007 14008 14007 14008)
(comment 0 14008 14009 14008 14009)
(comment 0 14009 14010 14009 14010)
