"3527088369ddd80ac42efc6404ec170c"
"1f62ab6ad84ea03c1f257dce43aebab0"
(preamble 0 1 30 1 30)
(0 0 1 30 22 29)
(brace 6 1 22 1 22)
(brace 9 28 30 29 30)
(1 0 31 58 52 57)
(brace 8 50 52 51 52)
(brace 9 56 58 57 58)
(1 0 59 83 75 82)
(brace 8 73 75 74 75)
(brace 9 81 83 82 83)
(comment 0 99 100 99 100)
(1 0 130 158 149 157)
(brace 8 147 149 148 149)
(brace 9 156 158 157 158)
(comment 0 169 170 169 170)
(1 0 203 222 215 221)
(brace 0 203 215 203 215)
(brace 9 220 222 221 222)
(comment 0 243 244 243 244)
(1 0 275 295 287 294)
(brace 0 275 287 275 287)
(brace 9 293 295 294 295)
(comment 0 299 300 299 300)
(1 0 334 355 346 354)
(brace 0 334 346 334 346)
(brace 9 353 355 354 355)
(comment 0 358 359 358 359)
(1 0 389 409 401 408)
(brace 0 389 401 389 401)
(brace 9 407 409 408 409)
(comment 0 429 430 429 430)
(1 0 463 483 475 482)
(brace 0 463 475 463 475)
(brace 9 481 483 482 483)
(1 0 484 505 496 504)
(brace 0 484 496 484 496)
(brace 9 503 505 504 505)
(1 0 506 526 518 525)
(brace 0 506 518 506 518)
(brace 9 524 526 525 526)
(comment 0 529 530 529 530)
(brace 8 564 566 565 566)
(brace 9 567 569 568 569)
(brace 8 582 584 583 584)
(brace 9 587 589 588 589)
(brace 8 588 590 589 590)
(brace 9 593 595 594 595)
(brace 8 594 596 595 596)
(brace 9 599 601 600 601)
(brace 8 600 602 601 602)
(brace 9 605 607 606 607)
(brace 8 606 608 607 608)
(brace 9 611 613 612 613)
(brace 8 612 614 613 614)
(brace 9 616 618 617 618)
(brace 8 617 619 618 619)
(brace 9 621 623 622 623)
(brace 8 622 624 623 624)
(brace 9 627 629 628 629)
(comment 0 631 632 631 632)
(brace 8 659 661 660 661)
(brace 9 672 674 673 674)
(brace 8 684 686 685 686)
(brace 9 696 698 697 698)
(brace 8 708 710 709 710)
(brace 9 721 723 722 723)
(brace 8 733 735 734 735)
(brace 9 747 749 748 749)
(newcommand 0 750 780 762 779)
(brace 8 760 762 761 762)
(brace 9 778 780 779 780)
(brace 8 785 787 786 787)
(comment 0 787 788 787 788)
(brace 8 807 809 808 809)
(brace 9 819 821 820 821)
(brace 8 820 822 821 822)
(brace 9 823 825 824 825)
(comment 0 825 826 825 826)
(brace 8 845 847 846 847)
(brace 9 858 860 859 860)
(brace 8 859 861 860 861)
(brace 9 862 864 863 864)
(comment 0 864 865 864 865)
(brace 8 884 886 885 886)
(brace 9 897 899 898 899)
(brace 8 898 900 899 900)
(brace 9 901 903 902 903)
(comment 0 903 904 903 904)
(brace 8 923 925 924 925)
(brace 8 930 932 931 932)
(brace 9 943 945 944 945)
(brace 9 948 950 949 950)
(brace 8 966 968 967 968)
(brace 8 977 979 978 979)
(brace 9 991 993 992 993)
(brace 8 992 994 993 994)
(brace 9 996 998 997 998)
(brace 9 997 999 998 999)
(brace 8 998 1000 999 1000)
(brace 9 999 1001 1000 1001)
(comment 0 1001 1002 1001 1002)
(brace 8 1021 1023 1022 1023)
(brace 8 1028 1030 1029 1030)
(brace 9 1041 1043 1042 1043)
(brace 9 1046 1048 1047 1048)
(brace 8 1064 1066 1065 1066)
(brace 8 1075 1077 1076 1077)
(brace 9 1089 1091 1090 1091)
(brace 8 1090 1092 1091 1092)
(brace 9 1107 1109 1108 1109)
(brace 9 1108 1110 1109 1110)
(brace 8 1109 1111 1110 1111)
(brace 9 1110 1112 1111 1112)
(comment 0 1112 1113 1112 1113)
(brace 8 1132 1134 1133 1134)
(brace 8 1139 1141 1140 1141)
(brace 9 1152 1154 1153 1154)
(brace 9 1157 1159 1158 1159)
(brace 8 1175 1177 1176 1177)
(brace 8 1186 1188 1187 1188)
(brace 9 1200 1202 1201 1202)
(brace 8 1201 1203 1202 1203)
(brace 9 1216 1218 1217 1218)
(brace 9 1217 1219 1218 1219)
(brace 8 1218 1220 1219 1220)
(brace 9 1219 1221 1220 1221)
(comment 0 1221 1222 1221 1222)
(brace 8 1241 1243 1242 1243)
(brace 8 1248 1250 1249 1250)
(brace 9 1261 1263 1262 1263)
(brace 9 1266 1268 1267 1268)
(brace 8 1284 1286 1285 1286)
(brace 8 1295 1297 1296 1297)
(brace 9 1309 1311 1310 1311)
(brace 8 1310 1312 1311 1312)
(brace 9 1325 1327 1326 1327)
(brace 9 1326 1328 1327 1328)
(brace 8 1327 1329 1328 1329)
(brace 9 1328 1330 1329 1330)
(comment 0 1330 1331 1330 1331)
(brace 8 1350 1352 1351 1352)
(brace 8 1357 1359 1358 1359)
(brace 9 1370 1372 1371 1372)
(brace 9 1375 1377 1376 1377)
(brace 8 1393 1395 1394 1395)
(brace 8 1404 1406 1405 1406)
(brace 9 1418 1420 1419 1420)
(brace 8 1419 1421 1420 1421)
(brace 9 1423 1425 1424 1425)
(brace 9 1424 1426 1425 1426)
(brace 8 1425 1427 1426 1427)
(brace 9 1426 1428 1427 1428)
(comment 0 1428 1429 1428 1429)
(comment 0 1446 1447 1446 1447)
(comment 0 1515 1516 1515 1516)
(comment 0 1574 1575 1574 1575)
(comment 0 1653 1654 1653 1654)
(comment 0 1671 1672 1671 1672)
(comment 0 1708 1709 1708 1709)
(comment 0 1726 1727 1726 1727)
(comment 0 1805 1806 1805 1806)
(brace 8 1831 1833 1832 1833)
(brace 9 1832 1834 1833 1834)
(comment 0 1855 1856 1855 1856)
(comment 0 1873 1874 1873 1874)
(comment 0 1942 1943 1942 1943)
(comment 0 1984 1985 1984 1985)
(brace 9 1989 1991 1990 1991)
(newcommand 0 1992 2013 2004 2012)
(brace 8 2002 2004 2003 2004)
(brace 9 2011 2013 2012 2013)
(brace 8 2018 2020 2019 2020)
(brace 8 2040 2042 2041 2042)
(brace 9 2041 2043 2042 2043)
(brace 8 2042 2044 2043 2044)
(brace 9 2045 2047 2046 2047)
(brace 8 2046 2048 2047 2048)
(brace 9 2047 2049 2048 2049)
(brace 9 2048 2050 2049 2050)
(newcommand 0 2051 2076 2063 2075)
(brace 8 2061 2063 2062 2063)
(brace 9 2074 2076 2075 2076)
(brace 8 2081 2083 2082 2083)
(brace 8 2103 2105 2104 2105)
(brace 9 2106 2108 2107 2108)
(brace 8 2107 2109 2108 2109)
(brace 9 2110 2112 2111 2112)
(brace 8 2111 2113 2112 2113)
(brace 9 2112 2114 2113 2114)
(brace 9 2113 2115 2114 2115)
(newcommand 0 2116 2142 2128 2141)
(brace 8 2126 2128 2127 2128)
(brace 9 2140 2142 2141 2142)
(brace 8 2147 2149 2148 2149)
(brace 8 2169 2171 2170 2171)
(brace 9 2170 2172 2171 2172)
(brace 8 2171 2173 2172 2173)
(brace 9 2174 2176 2175 2176)
(brace 8 2175 2177 2176 2177)
(brace 9 2178 2180 2179 2180)
(brace 9 2179 2181 2180 2181)
(newcommand 0 2182 2212 2194 2211)
(brace 8 2192 2194 2193 2194)
(brace 9 2210 2212 2211 2212)
(brace 8 2217 2219 2218 2219)
(brace 8 2239 2241 2240 2241)
(brace 9 2242 2244 2243 2244)
(brace 8 2243 2245 2244 2245)
(brace 8 2249 2251 2250 2251)
(brace 9 2252 2254 2253 2254)
(brace 9 2253 2255 2254 2255)
(brace 8 2254 2256 2255 2256)
(brace 9 2257 2259 2258 2259)
(brace 9 2258 2260 2259 2260)
(newcommand 0 2262 2284 2274 2283)
(brace 8 2272 2274 2273 2274)
(brace 9 2282 2284 2283 2284)
(brace 8 2286 2288 2287 2288)
(brace 9 2287 2289 2288 2289)
(newcommand 0 2290 2310 2302 2309)
(brace 8 2300 2302 2301 2302)
(brace 9 2308 2310 2309 2310)
(brace 8 2312 2314 2313 2314)
(brace 8 2327 2329 2328 2329)
(brace 8 2335 2337 2336 2337)
(brace 9 2338 2340 2339 2340)
(brace 8 2339 2341 2340 2341)
(brace 9 2341 2343 2342 2343)
(brace 9 2343 2345 2344 2345)
(brace 8 2344 2346 2345 2346)
(brace 9 2346 2348 2347 2348)
(brace 8 2347 2349 2348 2349)
(brace 8 2362 2364 2363 2364)
(brace 8 2370 2372 2371 2372)
(brace 9 2373 2375 2374 2375)
(brace 8 2374 2376 2375 2376)
(brace 9 2376 2378 2377 2378)
(brace 9 2378 2380 2379 2380)
(brace 8 2379 2381 2380 2381)
(brace 9 2382 2384 2383 2384)
(brace 8 2383 2385 2384 2385)
(brace 8 2398 2400 2399 2400)
(brace 8 2406 2408 2407 2408)
(brace 9 2409 2411 2410 2411)
(brace 8 2410 2412 2411 2412)
(brace 9 2412 2414 2413 2414)
(brace 9 2414 2416 2415 2416)
(brace 8 2415 2417 2416 2417)
(brace 9 2419 2421 2420 2421)
(brace 8 2420 2422 2421 2422)
(brace 8 2435 2437 2436 2437)
(brace 8 2443 2445 2444 2445)
(brace 9 2446 2448 2447 2448)
(brace 8 2447 2449 2448 2449)
(brace 9 2449 2451 2450 2451)
(brace 9 2451 2453 2452 2453)
(brace 8 2452 2454 2453 2454)
(brace 9 2455 2457 2456 2457)
(brace 8 2456 2458 2457 2458)
(brace 8 2471 2473 2472 2473)
(brace 8 2479 2481 2480 2481)
(brace 9 2482 2484 2483 2484)
(brace 8 2483 2485 2484 2485)
(brace 9 2485 2487 2486 2487)
(brace 9 2487 2489 2488 2489)
(brace 8 2488 2490 2489 2490)
(brace 9 2490 2492 2491 2492)
(brace 8 2491 2493 2492 2493)
(brace 8 2506 2508 2507 2508)
(brace 8 2514 2516 2515 2516)
(brace 9 2517 2519 2518 2519)
(brace 8 2518 2520 2519 2520)
(brace 9 2520 2522 2521 2522)
(brace 9 2522 2524 2523 2524)
(brace 8 2523 2525 2524 2525)
(brace 9 2526 2528 2527 2528)
(brace 8 2527 2529 2528 2529)
(brace 8 2542 2544 2543 2544)
(brace 8 2550 2552 2551 2552)
(brace 9 2553 2555 2554 2555)
(brace 8 2554 2556 2555 2556)
(brace 9 2556 2558 2557 2558)
(brace 9 2558 2560 2559 2560)
(brace 8 2559 2561 2560 2561)
(brace 9 2563 2565 2564 2565)
(brace 8 2564 2566 2565 2566)
(brace 8 2579 2581 2580 2581)
(brace 8 2587 2589 2588 2589)
(brace 9 2590 2592 2591 2592)
(brace 8 2591 2593 2592 2593)
(brace 9 2593 2595 2594 2595)
(brace 9 2595 2597 2596 2597)
(brace 8 2596 2598 2597 2598)
(brace 9 2601 2603 2602 2603)
(brace 8 2602 2604 2603 2604)
(brace 8 2617 2619 2618 2619)
(brace 8 2625 2627 2626 2627)
(brace 9 2628 2630 2629 2630)
(brace 8 2629 2631 2630 2631)
(brace 9 2631 2633 2632 2633)
(brace 9 2633 2635 2634 2635)
(brace 8 2634 2636 2635 2636)
(brace 9 2637 2639 2638 2639)
(brace 8 2638 2640 2639 2640)
(brace 8 2653 2655 2654 2655)
(brace 8 2661 2663 2662 2663)
(brace 9 2664 2666 2665 2666)
(brace 8 2665 2667 2666 2667)
(brace 9 2668 2670 2669 2670)
(brace 9 2670 2672 2671 2672)
(brace 8 2671 2673 2672 2673)
(brace 9 2673 2675 2674 2675)
(brace 8 2674 2676 2675 2676)
(brace 8 2689 2691 2690 2691)
(brace 8 2697 2699 2698 2699)
(brace 9 2700 2702 2701 2702)
(brace 8 2701 2703 2702 2703)
(brace 9 2704 2706 2705 2706)
(brace 9 2706 2708 2707 2708)
(brace 8 2707 2709 2708 2709)
(brace 9 2710 2712 2711 2712)
(brace 8 2711 2713 2712 2713)
(brace 8 2726 2728 2727 2728)
(brace 8 2734 2736 2735 2736)
(brace 9 2737 2739 2738 2739)
(brace 8 2738 2740 2739 2740)
(brace 9 2741 2743 2742 2743)
(brace 9 2743 2745 2744 2745)
(brace 8 2744 2746 2745 2746)
(brace 9 2748 2750 2749 2750)
(brace 8 2749 2751 2750 2751)
(brace 8 2764 2766 2765 2766)
(brace 8 2772 2774 2773 2774)
(brace 9 2775 2777 2776 2777)
(brace 8 2776 2778 2777 2778)
(brace 9 2779 2781 2780 2781)
(brace 9 2781 2783 2782 2783)
(brace 8 2782 2784 2783 2784)
(brace 9 2787 2789 2788 2789)
(brace 8 2788 2790 2789 2790)
(brace 8 2803 2805 2804 2805)
(brace 8 2811 2813 2812 2813)
(brace 9 2814 2816 2815 2816)
(brace 8 2815 2817 2816 2817)
(brace 9 2818 2820 2819 2820)
(brace 9 2820 2822 2821 2822)
(brace 8 2821 2823 2822 2823)
(brace 9 2825 2827 2826 2827)
(brace 8 2826 2828 2827 2828)
(brace 8 2841 2843 2842 2843)
(brace 8 2849 2851 2850 2851)
(brace 9 2852 2854 2853 2854)
(brace 8 2853 2855 2854 2855)
(brace 9 2856 2858 2857 2858)
(brace 9 2858 2860 2859 2860)
(brace 8 2859 2861 2860 2861)
(brace 9 2862 2864 2863 2864)
(brace 8 2863 2865 2864 2865)
(brace 8 2878 2880 2879 2880)
(brace 8 2886 2888 2887 2888)
(brace 9 2889 2891 2890 2891)
(brace 8 2890 2892 2891 2892)
(brace 9 2893 2895 2894 2895)
(brace 9 2895 2897 2896 2897)
(brace 8 2896 2898 2897 2898)
(brace 9 2900 2902 2901 2902)
(brace 8 2901 2903 2902 2903)
(brace 8 2916 2918 2917 2918)
(brace 8 2924 2926 2925 2926)
(brace 9 2927 2929 2928 2929)
(brace 8 2928 2930 2929 2930)
(brace 9 2931 2933 2932 2933)
(brace 9 2933 2935 2934 2935)
(brace 8 2934 2936 2935 2936)
(brace 9 2939 2941 2940 2941)
(brace 8 2940 2942 2941 2942)
(brace 8 2955 2957 2956 2957)
(brace 8 2963 2965 2964 2965)
(brace 9 2966 2968 2967 2968)
(brace 8 2967 2969 2968 2969)
(brace 9 2970 2972 2971 2972)
(brace 9 2972 2974 2973 2974)
(brace 8 2973 2975 2974 2975)
(brace 9 2979 2981 2980 2981)
(brace 8 2980 2982 2981 2982)
(brace 9 3021 3023 3022 3023)
(brace 9 3023 3025 3024 3025)
(brace 9 3025 3027 3026 3027)
(brace 9 3027 3029 3028 3029)
(brace 9 3029 3031 3030 3031)
(brace 9 3031 3033 3032 3033)
(brace 9 3033 3035 3034 3035)
(brace 9 3035 3037 3036 3037)
(brace 9 3037 3039 3038 3039)
(brace 9 3039 3041 3040 3041)
(brace 9 3041 3043 3042 3043)
(brace 9 3043 3045 3044 3045)
(brace 9 3045 3047 3046 3047)
(brace 9 3047 3049 3048 3049)
(brace 9 3049 3051 3050 3051)
(brace 9 3051 3053 3052 3053)
(brace 9 3053 3055 3054 3055)
(brace 9 3055 3057 3056 3057)
(brace 9 3058 3059 3058 3059)
(brace 8 3071 3073 3072 3073)
(brace 9 3081 3083 3082 3083)
(newenvironment 0 3084 3103 3100 3102)
(brace 8 3098 3100 3099 3100)
(brace 9 3101 3103 3102 3103)
(brace 8 3105 3107 3106 3107)
(environment 2 3109 3121 3109 3121)
(brace 3 3109 3116 3109 3116)
(brace 9 3119 3121 3120 3121)
(brace 8 3120 3122 3121 3122)
(inline-math 0 3123 3124 3123 3124)
(brace 8 3130 3132 3131 3132)
(brace 9 3144 3146 3145 3146)
(inline-math 0 3146 3147 3146 3147)
(brace 9 3147 3149 3148 3149)
(brace 8 3148 3150 3149 3150)
(brace 8 3163 3165 3164 3165)
(brace 9 3173 3175 3174 3175)
(brace 8 3274 3276 3275 3276)
(brace 9 3286 3288 3287 3288)
(brace 8 3287 3289 3288 3289)
(brace 9 3292 3294 3293 3294)
(comment 0 3323 3324 3323 3324)
(brace 8 3335 3337 3336 3337)
(brace 9 3347 3349 3348 3349)
(brace 8 3348 3350 3349 3350)
(brace 9 3358 3360 3359 3360)
(brace 9 3361 3363 3362 3363)
(brace 8 3362 3364 3363 3364)
(environment 3 3363 3374 3363 3374)
(brace 4 3363 3369 3364 3369)
(brace 9 3372 3374 3373 3374)
(brace 9 3375 3376 3375 3376)
(comment 0 3379 3380 3379 3380)
(newcommand 0 3422 3439 3434 3438)
(brace 8 3432 3434 3433 3434)
(brace 9 3437 3439 3438 3439)
(brace 8 3438 3440 3439 3440)
(brace 8 3448 3450 3449 3450)
(brace 9 3450 3452 3451 3452)
(brace 9 3451 3453 3452 3453)
(newcommand 0 3454 3471 3466 3470)
(brace 8 3464 3466 3465 3466)
(brace 9 3469 3471 3470 3471)
(brace 8 3470 3472 3471 3472)
(brace 8 3480 3482 3481 3482)
(brace 9 3482 3484 3483 3484)
(brace 9 3483 3485 3484 3485)
(newcommand 0 3486 3502 3498 3501)
(brace 8 3496 3498 3497 3498)
(brace 9 3500 3502 3501 3502)
(brace 8 3501 3503 3502 3503)
(brace 8 3509 3511 3510 3511)
(brace 9 3511 3513 3512 3513)
(brace 9 3512 3514 3513 3514)
(newcommand 0 3515 3531 3527 3530)
(brace 8 3525 3527 3526 3527)
(brace 9 3529 3531 3530 3531)
(brace 8 3530 3532 3531 3532)
(brace 8 3538 3540 3539 3540)
(brace 9 3540 3542 3541 3542)
(brace 9 3541 3543 3542 3543)
(newcommand 0 3544 3560 3556 3559)
(brace 8 3554 3556 3555 3556)
(brace 9 3558 3560 3559 3560)
(brace 8 3559 3561 3560 3561)
(brace 9 3566 3568 3567 3568)
(newcommand 0 3569 3586 3581 3585)
(brace 8 3579 3581 3580 3581)
(brace 9 3584 3586 3585 3586)
(brace 8 3588 3590 3589 3590)
(brace 8 3589 3591 3590 3591)
(brace 8 3601 3603 3602 3603)
(brace 8 3609 3611 3610 3611)
(brace 9 3612 3614 3613 3614)
(brace 9 3613 3615 3614 3615)
(brace 9 3614 3616 3615 3616)
(brace 9 3615 3617 3616 3617)
(newcommand 0 3618 3637 3630 3636)
(brace 8 3628 3630 3629 3630)
(brace 9 3635 3637 3636 3637)
(brace 8 3636 3638 3637 3638)
(brace 8 3649 3651 3650 3651)
(brace 9 3655 3657 3656 3657)
(brace 8 3656 3658 3657 3658)
(brace 9 3663 3665 3664 3665)
(brace 9 3664 3666 3665 3666)
(newcommand 0 3667 3690 3679 3689)
(brace 8 3677 3679 3678 3679)
(brace 9 3688 3690 3689 3690)
(brace 8 3692 3694 3693 3694)
(brace 8 3704 3706 3705 3706)
(brace 9 3722 3724 3723 3724)
(brace 9 3723 3725 3724 3725)
(newcommand 0 3726 3743 3738 3742)
(brace 8 3736 3738 3737 3738)
(brace 9 3741 3743 3742 3743)
(brace 8 3745 3747 3746 3747)
(brace 8 3757 3759 3758 3759)
(brace 8 3768 3770 3769 3770)
(brace 9 3771 3773 3772 3773)
(brace 9 3772 3774 3773 3774)
(brace 9 3773 3775 3774 3775)
(comment 0 3782 3783 3782 3783)
(newcommand 0 3793 3809 3805 3808)
(brace 8 3803 3805 3804 3805)
(brace 9 3807 3809 3808 3809)
(brace 8 3808 3810 3809 3810)
(brace 9 3822 3824 3823 3824)
(comment 0 3827 3828 3827 3828)
(brace 8 3892 3894 3893 3894)
(brace 9 3903 3905 3904 3905)
(comment 0 3905 3906 3905 3906)
(brace 8 3914 3916 3915 3916)
(brace 8 3939 3941 3940 3941)
(brace 9 3948 3950 3949 3950)
(brace 9 3949 3951 3950 3951)
(brace 8 3964 3966 3965 3966)
(brace 9 3974 3976 3975 3976)
(brace 8 3975 3977 3976 3977)
(brace 9 3986 3988 3987 3988)
(comment 0 4004 4005 4004 4005)
(comment 0 4005 4006 4005 4006)
(comment 0 4006 4007 4006 4007)
(comment 0 4007 4008 4007 4008)
(comment 0 4008 4009 4008 4009)
(newcommand 0 4030 4051 4042 4050)
(brace 8 4040 4042 4041 4042)
(brace 9 4049 4051 4050 4051)
(brace 8 4050 4052 4051 4052)
(brace 9 4063 4065 4064 4065)
(brace 8 4076 4078 4077 4078)
(brace 9 4081 4083 4082 4083)
(brace 8 4096 4098 4097 4098)
(brace 9 4105 4107 4106 4107)
(brace 8 4106 4108 4107 4108)
(brace 8 4114 4116 4115 4116)
(brace 9 4119 4121 4120 4121)
(brace 9 4120 4122 4121 4122)
(newenvironment 0 4124 4144 4140 4143)
(brace 8 4138 4140 4139 4140)
(brace 9 4142 4144 4143 4144)
(brace 8 4154 4155 4154 4155)
(brace 8 4172 4174 4173 4174)
(brace 9 4177 4179 4178 4179)
(brace 8 4192 4194 4193 4194)
(brace 8 4200 4202 4201 4202)
(brace 9 4203 4205 4204 4205)
(brace 8 4204 4206 4205 4206)
(brace 9 4209 4211 4210 4211)
(brace 9 4211 4213 4212 4213)
(brace 8 4212 4214 4213 4214)
(brace 8 4227 4229 4228 4229)
(brace 9 4254 4256 4255 4256)
(brace 9 4258 4260 4259 4260)
(brace 8 4259 4261 4260 4261)
(brace 8 4274 4276 4275 4276)
(brace 8 4301 4303 4302 4303)
(brace 9 4302 4304 4303 4304)
(brace 9 4316 4318 4317 4318)
(brace 9 4320 4322 4321 4322)
(comment 0 4323 4324 4323 4324)
(comment 0 4333 4334 4333 4334)
(brace 9 4342 4343 4342 4343)
(brace 9 4344 4346 4345 4346)
(brace 8 4344 4345 4344 4345)
(brace 8 4358 4360 4359 4360)
(brace 9 4369 4371 4370 4371)
(newenvironment 0 4372 4398 4388 4397)
(brace 8 4386 4388 4387 4388)
(brace 9 4396 4398 4397 4398)
(brace 8 4397 4399 4398 4399)
(environment 2 4400 4412 4400 4412)
(brace 3 4400 4407 4400 4407)
(brace 9 4410 4412 4411 4412)
(brace 8 4411 4413 4412 4413)
(brace 8 4412 4414 4413 4414)
(brace 8 4426 4428 4427 4428)
(brace 9 4437 4439 4438 4439)
(brace 9 4439 4441 4440 4441)
(brace 9 4440 4442 4441 4442)
(brace 8 4441 4443 4442 4443)
(brace 8 4456 4458 4457 4458)
(brace 9 4467 4469 4468 4469)
(brace 8 4550 4552 4551 4552)
(brace 9 4562 4564 4563 4564)
(brace 8 4563 4565 4564 4565)
(brace 8 4564 4566 4565 4566)
(brace 9 4576 4578 4577 4578)
(brace 9 4577 4579 4578 4579)
(brace 8 4635 4637 4636 4637)
(brace 9 4647 4649 4648 4649)
(brace 8 4648 4650 4649 4650)
(brace 9 4658 4660 4659 4660)
(brace 9 4661 4663 4662 4663)
(brace 8 4662 4664 4663 4664)
(environment 3 4663 4674 4663 4674)
(brace 4 4663 4669 4664 4669)
(brace 9 4672 4674 4673 4674)
(brace 9 4674 4676 4675 4676)
(comment 0 4679 4680 4679 4680)
(comment 0 4680 4681 4680 4681)
(comment 0 4681 4682 4681 4682)
(comment 0 4682 4683 4682 4683)
(comment 0 4683 4684 4683 4684)
(comment 0 4684 4685 4684 4685)
(comment 0 4685 4686 4685 4686)
(comment 0 4686 4687 4686 4687)
(comment 0 4687 4688 4687 4688)
(comment 0 4688 4689 4688 4689)
(comment 0 4689 4690 4689 4690)
(comment 0 4690 4691 4690 4691)
(comment 0 4691 4692 4691 4692)
(comment 0 4692 4693 4692 4693)
(comment 0 4693 4694 4693 4694)
(comment 0 4694 4695 4694 4695)
(comment 0 4695 4696 4695 4696)
(comment 0 4696 4697 4696 4697)
(comment 0 4697 4698 4697 4698)
(comment 0 4698 4699 4698 4699)
(comment 0 4699 4700 4699 4700)
(comment 0 4700 4701 4700 4701)
(comment 0 4701 4702 4701 4702)
(comment 0 4702 4703 4702 4703)
(comment 0 4703 4704 4703 4704)
(comment 0 4704 4705 4704 4705)
(comment 0 4705 4706 4705 4706)
(comment 0 4706 4707 4706 4707)
(comment 0 4707 4708 4707 4708)
(comment 0 4708 4709 4708 4709)
(comment 0 4709 4710 4709 4710)
(comment 0 4710 4711 4710 4711)
(comment 0 4711 4712 4711 4712)
(comment 0 4712 4713 4712 4713)
(comment 0 4713 4714 4713 4714)
(comment 0 4714 4715 4714 4715)
(comment 0 4715 4716 4715 4716)
(comment 0 4716 4717 4716 4717)
(comment 0 4717 4718 4717 4718)
(comment 0 4718 4719 4718 4719)
(comment 0 4719 4720 4719 4720)
(newcommand 0 4721 4749 4733 4748)
(brace 8 4731 4733 4732 4733)
(brace 9 4747 4749 4748 4749)
(brace 8 4748 4750 4749 4750)
(brace 8 4756 4758 4757 4758)
(brace 9 4760 4762 4761 4762)
(brace 9 4761 4763 4762 4763)
(newcommand 0 4764 4791 4776 4790)
(brace 8 4774 4776 4775 4776)
(brace 9 4789 4791 4790 4791)
(brace 8 4790 4792 4791 4792)
(brace 8 4798 4800 4799 4800)
(brace 9 4802 4804 4803 4804)
(brace 9 4803 4805 4804 4805)
(newcommand 0 4806 4828 4818 4827)
(brace 8 4816 4818 4817 4818)
(brace 9 4826 4828 4827 4828)
(brace 8 4827 4829 4828 4829)
(brace 9 4828 4830 4829 4830)
(newcommand 0 4833 4864 4845 4863)
(brace 8 4843 4845 4844 4845)
(brace 9 4862 4864 4863 4864)
(comment 0 4869 4870 4869 4870)
(brace 8 4920 4921 4920 4921)
(brace 8 4934 4936 4935 4936)
(brace 8 4942 4944 4943 4944)
(brace 9 4945 4947 4946 4947)
(brace 8 4946 4948 4947 4948)
(brace 9 4951 4953 4952 4953)
(brace 9 4953 4955 4954 4955)
(brace 8 4954 4956 4955 4956)
(brace 8 4986 4988 4987 4988)
(brace 9 4999 5001 5000 5001)
(brace 9 5003 5005 5004 5005)
(brace 8 5004 5006 5005 5006)
(brace 8 5036 5038 5037 5038)
(brace 9 5062 5064 5063 5064)
(brace 9 5066 5068 5067 5068)
(brace 9 5069 5070 5069 5070)
(comment 0 5072 5073 5072 5073)
(comment 0 5108 5109 5108 5109)
(comment 0 5117 5118 5117 5118)
(newenvironment 0 5153 5176 5169 5175)
(brace 8 5167 5169 5168 5169)
(brace 9 5174 5176 5175 5176)
(brace 8 5186 5187 5186 5187)
(brace 8 5205 5207 5206 5207)
(brace 9 5212 5214 5213 5214)
(brace 8 5213 5215 5214 5215)
(brace 9 5216 5218 5217 5218)
(brace 9 5218 5220 5219 5220)
(brace 8 5221 5222 5221 5222)
(brace 9 5244 5246 5245 5246)
(newcommand 0 5249 5271 5261 5270)
(brace 8 5259 5261 5260 5261)
(brace 9 5269 5271 5270 5271)
(brace 8 5273 5275 5274 5275)
(comment 0 5275 5276 5275 5276)
(brace 8 5295 5297 5296 5297)
(environment 2 5343 5357 5343 5357)
(brace 3 5343 5351 5344 5351)
(brace 9 5355 5357 5356 5357)
(brace 8 5356 5358 5357 5358)
(brace 8 5359 5361 5360 5361)
(brace 9 5362 5364 5363 5364)
(brace 8 5365 5367 5366 5367)
(brace 9 5368 5370 5369 5370)
(brace 9 5370 5372 5371 5372)
(environment 3 5459 5471 5459 5471)
(brace 4 5459 5465 5460 5465)
(brace 9 5469 5471 5470 5471)
(brace 9 5496 5498 5497 5498)
(brace 9 5497 5499 5498 5499)
(newcommand 0 5500 5516 5512 5515)
(brace 8 5510 5512 5511 5512)
(brace 9 5514 5516 5515 5516)
(brace 8 5515 5517 5516 5517)
(brace 9 5523 5525 5524 5525)
(newcommand 0 5526 5544 5538 5543)
(brace 8 5536 5538 5537 5538)
(brace 9 5542 5544 5543 5544)
(brace 8 5546 5548 5547 5548)
(brace 8 5555 5557 5556 5557)
(brace 9 5557 5559 5558 5559)
(brace 8 5559 5561 5560 5561)
(brace 9 5562 5564 5563 5564)
(brace 9 5563 5565 5564 5565)
(newcommand 0 5566 5582 5578 5581)
(brace 8 5576 5578 5577 5578)
(brace 9 5580 5582 5581 5582)
(brace 8 5581 5583 5582 5583)
(brace 8 5589 5591 5590 5591)
(brace 9 5591 5593 5592 5593)
(brace 9 5592 5594 5593 5594)
(newcommand 0 5595 5611 5607 5610)
(brace 8 5605 5607 5606 5607)
(brace 9 5609 5611 5610 5611)
(brace 8 5610 5612 5611 5612)
(brace 8 5618 5620 5619 5620)
(brace 9 5620 5622 5621 5622)
(brace 9 5621 5623 5622 5623)
(newcommand 0 5624 5640 5636 5639)
(brace 8 5634 5636 5635 5636)
(brace 9 5638 5640 5639 5640)
(brace 8 5639 5641 5640 5641)
(brace 8 5647 5649 5648 5649)
(brace 9 5649 5651 5650 5651)
(brace 9 5650 5652 5651 5652)
(newenvironment 0 5654 5675 5670 5674)
(brace 8 5668 5670 5669 5670)
(brace 9 5673 5675 5674 5675)
(comment 0 5681 5682 5681 5682)
(brace 8 5686 5688 5687 5688)
(brace 8 5698 5700 5699 5700)
(environment 2 5723 5737 5723 5737)
(brace 3 5723 5731 5724 5731)
(brace 9 5735 5737 5736 5737)
(brace 8 5736 5738 5737 5738)
(brace 8 5740 5742 5741 5742)
(brace 9 5746 5748 5747 5748)
(brace 9 5748 5750 5749 5750)
(brace 9 5749 5751 5750 5751)
(brace 9 5750 5752 5751 5752)
(comment 0 5752 5753 5752 5753)
(brace 8 5757 5759 5758 5759)
(environment 3 5758 5770 5758 5770)
(brace 4 5758 5764 5759 5764)
(brace 9 5768 5770 5769 5770)
(brace 9 5776 5778 5777 5778)
(newcommand 0 5780 5795 5792 5794)
(brace 8 5790 5792 5791 5792)
(brace 9 5793 5795 5794 5795)
(brace 8 5797 5799 5798 5799)
(brace 8 5798 5800 5799 5800)
(brace 8 5810 5812 5811 5812)
(comment 0 5823 5824 5823 5824)
(brace 8 5828 5830 5829 5830)
(brace 8 5835 5837 5836 5837)
(brace 9 5838 5840 5839 5840)
(brace 8 5839 5841 5840 5841)
(brace 9 5842 5844 5843 5844)
(brace 9 5843 5845 5844 5845)
(brace 8 5853 5855 5854 5855)
(brace 8 5860 5862 5861 5862)
(brace 9 5863 5865 5864 5865)
(brace 8 5864 5866 5865 5866)
(brace 9 5867 5869 5868 5869)
(brace 9 5868 5870 5869 5870)
(brace 8 5874 5876 5875 5876)
(brace 8 5880 5882 5881 5882)
(brace 9 5883 5885 5884 5885)
(brace 8 5884 5886 5885 5886)
(brace 9 5887 5889 5888 5889)
(brace 9 5888 5890 5889 5890)
(brace 8 5894 5896 5895 5896)
(brace 8 5900 5902 5901 5902)
(brace 9 5903 5905 5904 5905)
(brace 8 5904 5906 5905 5906)
(brace 9 5907 5909 5908 5909)
(brace 9 5908 5910 5909 5910)
(brace 9 5914 5916 5915 5916)
(brace 9 5915 5917 5916 5917)
(brace 9 5916 5918 5917 5918)
(brace 8 5931 5933 5932 5933)
(brace 9 5935 5937 5936 5937)
(brace 8 5936 5938 5937 5938)
(brace 9 5946 5948 5947 5948)
(newcommand 0 5949 5965 5961 5964)
(brace 8 5959 5961 5960 5961)
(brace 9 5963 5965 5964 5965)
(brace 8 5964 5966 5965 5966)
(brace 9 5976 5978 5977 5978)
(newcommand 0 5979 6001 5991 6000)
(brace 8 5989 5991 5990 5991)
(brace 9 5999 6001 6000 6001)
(brace 8 6003 6005 6004 6005)
(brace 8 6004 6006 6005 6006)
(brace 9 6020 6022 6021 6022)
(brace 9 6021 6023 6022 6023)
(newcommand 0 6024 6042 6036 6041)
(brace 8 6034 6036 6035 6036)
(brace 9 6040 6042 6041 6042)
(brace 8 6044 6046 6045 6046)
(brace 8 6056 6058 6057 6058)
(brace 9 6081 6083 6082 6083)
(brace 9 6082 6084 6083 6084)
(newcommand 0 6085 6103 6097 6102)
(brace 8 6095 6097 6096 6097)
(brace 9 6101 6103 6102 6103)
(brace 8 6105 6107 6106 6107)
(brace 8 6117 6119 6118 6119)
(brace 8 6125 6127 6126 6127)
(brace 9 6129 6131 6130 6131)
(brace 8 6131 6133 6132 6133)
(brace 9 6134 6136 6135 6136)
(brace 8 6136 6138 6137 6138)
(brace 9 6139 6141 6140 6141)
(brace 9 6144 6146 6145 6146)
(brace 9 6145 6147 6146 6147)
(newcommand 0 6148 6165 6160 6164)
(brace 8 6158 6160 6159 6160)
(brace 9 6163 6165 6164 6165)
(brace 8 6167 6169 6168 6169)
(brace 8 6173 6175 6174 6175)
(brace 9 6176 6178 6177 6178)
(brace 8 6177 6179 6178 6179)
(brace 9 6178 6180 6179 6180)
(brace 8 6179 6181 6180 6181)
(brace 9 6182 6184 6183 6184)
(brace 9 6183 6185 6184 6185)
(newcommand 0 6186 6202 6198 6201)
(brace 8 6196 6198 6197 6198)
(brace 9 6200 6202 6201 6202)
(brace 8 6201 6203 6202 6203)
(brace 8 6213 6215 6214 6215)
(brace 8 6221 6223 6222 6223)
(brace 9 6224 6226 6225 6226)
(brace 9 6225 6227 6226 6227)
(brace 9 6226 6228 6227 6228)
(brace 8 6241 6243 6242 6243)
(brace 9 6244 6246 6245 6246)
(brace 8 6245 6247 6246 6247)
(brace 8 6257 6259 6258 6259)
(brace 8 6265 6267 6266 6267)
(brace 9 6267 6269 6268 6269)
(brace 9 6268 6270 6269 6270)
(brace 9 6269 6271 6270 6271)
(brace 8 6284 6286 6285 6286)
(brace 9 6289 6291 6290 6291)
(brace 8 6290 6292 6291 6292)
(brace 9 6300 6302 6301 6302)
(brace 8 6315 6317 6316 6317)
(brace 9 6320 6322 6321 6322)
(brace 8 6321 6323 6322 6323)
(brace 9 6331 6333 6332 6333)
(1 0 6336 6357 6348 6356)
(brace 0 6336 6348 6336 6348)
(brace 9 6355 6357 6356 6357)
(brace 8 6371 6373 6372 6373)
(brace 9 6379 6381 6380 6381)
(brace 8 6380 6382 6381 6382)
(brace 8 6392 6394 6393 6394)
(brace 9 6406 6408 6407 6408)
(brace 8 6407 6409 6408 6409)
(brace 8 6433 6435 6434 6435)
(brace 9 6438 6440 6439 6440)
(brace 9 6447 6449 6448 6449)
(brace 8 6448 6450 6449 6450)
(brace 8 6462 6464 6463 6464)
(brace 9 6467 6469 6468 6469)
(brace 8 6468 6470 6469 6470)
(brace 9 6471 6473 6472 6473)
(brace 8 6497 6499 6498 6499)
(brace 9 6502 6504 6503 6504)
(brace 9 6511 6513 6512 6513)
(brace 9 6512 6514 6513 6514)
(preamble 1 6516 6532 6516 6532)
(environment 2 6516 6532 6516 6532)
(brace 3 6516 6523 6516 6523)
(brace 9 6530 6532 6531 6532)
(comment 0 6536 6537 6536 6537)
(brace 8 6642 6644 6643 6644)
(brace 8 6643 6645 6644 6645)
(brace 9 6701 6703 6702 6703)
(brace 9 6702 6704 6703 6704)
(brace 8 6703 6705 6704 6705)
(brace 9 6704 6706 6705 6706)
(brace 8 6707 6709 6708 6709)
(brace 9 6741 6743 6742 6743)
(brace 9 6742 6744 6743 6744)
(brace 8 6764 6766 6765 6766)
(brace 8 6765 6767 6766 6767)
(brace 9 6802 6804 6803 6804)
(brace 9 6803 6805 6804 6805)
(brace 8 6804 6806 6805 6806)
(brace 9 6805 6807 6806 6807)
(brace 8 6806 6808 6807 6808)
(brace 8 6807 6809 6808 6809)
(brace 9 6851 6853 6852 6853)
(brace 9 6852 6854 6853 6854)
(brace 8 6871 6873 6872 6873)
(brace 8 6872 6874 6873 6874)
(brace 9 6918 6920 6919 6920)
(brace 9 6919 6921 6920 6921)
(comment 0 6922 6923 6922 6923)
(comment 0 7019 7020 7019 7020)
(comment 0 7112 7113 7112 7113)
(environment 2 7217 7228 7217 7228)
(brace 3 7217 7224 7217 7224)
(brace 9 7226 7228 7227 7228)
(inline-math 0 7260 7261 7260 7261)
(inline-math 0 7270 7271 7270 7271)
(inline-math 0 7317 7318 7317 7318)
(inline-math 0 7321 7322 7321 7322)
(inline-math 0 7328 7329 7328 7329)
(inline-math 0 7332 7333 7332 7333)
(inline-math 0 7335 7336 7335 7336)
(inline-math 0 7337 7338 7337 7338)
(environment 2 7401 7419 7401 7419)
(brace 3 7401 7409 7402 7409)
(brace 9 7417 7419 7418 7419)
(inline-math 0 7460 7461 7460 7461)
(inline-math 0 7468 7469 7468 7469)
(inline-math 0 7478 7479 7478 7479)
(inline-math 0 7484 7485 7484 7485)
(inline-math 0 7507 7508 7507 7508)
(inline-math 0 7509 7510 7509 7510)
(inline-math 0 7525 7526 7525 7526)
(inline-math 0 7542 7543 7542 7543)
(inline-math 0 7583 7584 7583 7584)
(inline-math 0 7597 7598 7597 7598)
(inline-math 0 7633 7634 7633 7634)
(brace 8 7638 7640 7639 7640)
(brace 9 7656 7658 7657 7658)
(inline-math 0 7674 7675 7674 7675)
(inline-math 0 7682 7683 7682 7683)
(inline-math 0 7684 7685 7684 7685)
(inline-math 0 7737 7738 7737 7738)
(inline-math 0 7739 7740 7739 7740)
(inline-math 0 7765 7766 7765 7766)
(inline-math 0 7767 7768 7767 7768)
(brace 8 7838 7840 7839 7840)
(brace 9 7849 7851 7850 7851)
(inline-math 0 7918 7919 7918 7919)
(inline-math 0 7920 7921 7920 7921)
(inline-math 0 7981 7982 7981 7982)
(inline-math 0 7983 7984 7983 7984)
(inline-math 0 7991 7992 7991 7992)
(inline-math 0 7997 7998 7997 7998)
(inline-math 0 8021 8022 8021 8022)
(inline-math 0 8029 8030 8029 8030)
(inline-math 0 8040 8041 8040 8041)
(inline-math 0 8052 8053 8052 8053)
(inline-math 0 8061 8062 8061 8062)
(inline-math 0 8072 8073 8072 8073)
(inline-math 0 8112 8113 8112 8113)
(inline-math 0 8114 8115 8114 8115)
(inline-math 0 8139 8140 8139 8140)
(inline-math 0 8143 8144 8143 8144)
(comment 0 8202 8203 8202 8203)
(brace 8 8213 8215 8214 8215)
(brace 9 8224 8226 8225 8226)
(comment 0 8276 8277 8276 8277)
(comment 0 8352 8353 8352 8353)
(inline-math 0 8360 8361 8360 8361)
(inline-math 0 8364 8365 8364 8365)
(comment 0 8397 8398 8397 8398)
(inline-math 0 8417 8418 8417 8418)
(inline-math 0 8421 8422 8421 8422)
(inline-math 0 8458 8459 8458 8459)
(inline-math 0 8462 8463 8462 8463)
(comment 0 8468 8469 8468 8469)
(comment 0 8541 8542 8541 8542)
(comment 0 8616 8617 8616 8617)
(environment 3 8632 8648 8632 8648)
(brace 4 8632 8638 8633 8638)
(brace 9 8646 8648 8647 8648)
(environment 3 8649 8658 8649 8658)
(brace 4 8649 8654 8649 8654)
(brace 9 8656 8658 8657 8658)
(environment 2 8671 8682 8671 8682)
(brace 3 8671 8678 8671 8678)
(brace 9 8680 8682 8681 8682)
(environment 2 8750 8768 8750 8768)
(brace 3 8750 8758 8751 8758)
(brace 9 8766 8768 8767 8768)
(inline-math 0 8782 8783 8782 8783)
(inline-math 0 8790 8791 8790 8791)
(inline-math 0 8805 8806 8805 8806)
(inline-math 0 8807 8808 8807 8808)
(inline-math 0 8912 8913 8912 8913)
(inline-math 0 8914 8915 8914 8915)
(inline-math 0 8932 8933 8932 8933)
(brace 8 8939 8941 8940 8941)
(brace 9 8943 8945 8944 8945)
(brace 8 8945 8947 8946 8947)
(brace 9 8954 8956 8955 8956)
(brace 8 8973 8975 8974 8975)
(brace 9 8977 8979 8978 8979)
(brace 8 8979 8981 8980 8981)
(brace 9 8988 8990 8989 8990)
(inline-math 0 8998 8999 8998 8999)
(inline-math 0 9016 9017 9016 9017)
(inline-math 0 9018 9019 9018 9019)
(inline-math 0 9043 9044 9043 9044)
(inline-math 0 9045 9046 9045 9046)
(brace 8 9087 9089 9088 9089)
(inline-math 0 9087 9088 9087 9088)
(brace 9 9094 9096 9095 9096)
(brace 8 9129 9131 9130 9131)
(brace 9 9136 9138 9137 9138)
(inline-math 0 9141 9142 9141 9142)
(inline-math 0 9243 9244 9243 9244)
(inline-math 0 9245 9246 9245 9246)
(inline-math 0 9270 9271 9270 9271)
(inline-math 0 9272 9273 9272 9273)
(brace 8 9336 9338 9337 9338)
(inline-math 0 9336 9337 9336 9337)
(brace 9 9343 9345 9344 9345)
(brace 8 9380 9382 9381 9382)
(brace 9 9399 9401 9400 9401)
(inline-math 0 9404 9405 9404 9405)
(brace 8 9444 9446 9445 9446)
(inline-math 0 9444 9445 9444 9445)
(brace 9 9451 9453 9452 9453)
(inline-math 0 9453 9454 9453 9454)
(inline-math 0 9473 9474 9473 9474)
(inline-math 0 9475 9476 9475 9476)
(brace 8 9515 9517 9516 9517)
(inline-math 0 9515 9516 9515 9516)
(brace 9 9522 9524 9523 9524)
(brace 8 9563 9565 9564 9565)
(brace 9 9572 9574 9573 9574)
(inline-math 0 9577 9578 9577 9578)
(brace 8 9600 9602 9601 9602)
(inline-math 0 9600 9601 9600 9601)
(brace 9 9607 9609 9608 9609)
(inline-math 0 9620 9621 9620 9621)
(inline-math 0 9662 9663 9662 9663)
(inline-math 0 9668 9669 9668 9669)
(inline-math 0 9675 9676 9675 9676)
(inline-math 0 9679 9680 9679 9680)
(inline-math 0 9699 9700 9699 9700)
(inline-math 0 9717 9718 9717 9718)
(inline-math 0 9776 9777 9776 9777)
(inline-math 0 9786 9787 9786 9787)
(inline-math 0 9792 9793 9792 9793)
(brace 8 9800 9802 9801 9802)
(brace 9 9802 9804 9803 9804)
(brace 8 9803 9805 9804 9805)
(brace 9 9805 9807 9806 9807)
(inline-math 0 9808 9809 9808 9809)
(inline-math 0 9815 9816 9815 9816)
(inline-math 0 9824 9825 9824 9825)
(inline-math 0 9830 9831 9830 9831)
(brace 8 9836 9838 9837 9838)
(brace 9 9838 9840 9839 9840)
(brace 8 9839 9841 9840 9841)
(brace 9 9841 9843 9842 9843)
(brace 8 9848 9850 9849 9850)
(brace 9 9850 9852 9851 9852)
(brace 8 9851 9853 9852 9853)
(brace 9 9853 9855 9854 9855)
(inline-math 0 9858 9859 9858 9859)
(inline-math 0 9880 9881 9880 9881)
(brace 8 9886 9888 9887 9888)
(brace 9 9888 9890 9889 9890)
(brace 8 9889 9891 9890 9891)
(brace 9 9891 9893 9892 9893)
(brace 8 9899 9901 9900 9901)
(brace 9 9901 9903 9902 9903)
(brace 8 9902 9904 9903 9904)
(brace 9 9904 9906 9905 9906)
(brace 8 9911 9913 9912 9913)
(brace 9 9913 9915 9914 9915)
(brace 8 9914 9916 9915 9916)
(brace 9 9916 9918 9917 9918)
(inline-math 0 9919 9920 9919 9920)
(environment 3 9923 9939 9923 9939)
(brace 4 9923 9929 9924 9929)
(brace 9 9937 9939 9938 9939)
(environment 3 9940 9949 9940 9949)
(brace 4 9940 9945 9940 9945)
(brace 9 9947 9949 9948 9949)
(comment 0 9962 9963 9962 9963)
(environment 2 9963 9975 9963 9975)
(brace 3 9963 9971 9964 9971)
(brace 9 9973 9975 9974 9975)
(comment 0 9995 9996 9995 9996)
(inline-math 0 10004 10005 10004 10005)
(inline-math 0 10006 10007 10006 10007)
(inline-math 0 10039 10040 10039 10040)
(brace 8 10046 10048 10047 10048)
(brace 9 10048 10050 10049 10050)
(inline-math 0 10050 10051 10050 10051)
(inline-math 0 10055 10056 10055 10056)
(brace 8 10062 10064 10063 10064)
(brace 9 10064 10066 10065 10066)
(inline-math 0 10066 10067 10066 10067)
(comment 0 10072 10073 10072 10073)
(inline-math 0 10081 10082 10081 10082)
(inline-math 0 10083 10084 10083 10084)
(inline-math 0 10130 10131 10130 10131)
(brace 8 10136 10138 10137 10138)
(brace 9 10146 10148 10147 10148)
(inline-math 0 10148 10149 10148 10149)
(comment 0 10151 10152 10151 10152)
(comment 0 10159 10160 10159 10160)
(inline-math 0 10163 10164 10163 10164)
(brace 8 10222 10224 10223 10224)
(brace 9 10224 10226 10225 10226)
(comment 0 10230 10231 10230 10231)
(inline-math 0 10277 10278 10277 10278)
(comment 0 10280 10281 10280 10281)
(inline-math 0 10284 10285 10284 10285)
(brace 8 10330 10332 10331 10332)
(brace 9 10332 10334 10333 10334)
(comment 0 10360 10361 10360 10361)
(inline-math 0 10370 10371 10370 10371)
(comment 0 10434 10435 10434 10435)
(inline-math 0 10438 10439 10438 10439)
(inline-math 0 10452 10453 10452 10453)
(comment 0 10455 10456 10455 10456)
(inline-math 0 10459 10460 10459 10460)
(brace 8 10501 10503 10502 10503)
(brace 9 10503 10505 10504 10505)
(inline-math 0 10520 10521 10520 10521)
(comment 0 10523 10524 10523 10524)
(environment 2 10526 10544 10526 10544)
(brace 3 10526 10534 10527 10534)
(brace 9 10542 10544 10543 10544)
(comment 0 10545 10546 10545 10546)
(comment 0 10567 10568 10567 10568)
(inline-math 0 10573 10574 10573 10574)
(brace 8 10591 10593 10592 10593)
(brace 8 10605 10607 10606 10607)
(brace 9 10607 10609 10608 10609)
(brace 9 10608 10610 10609 10610)
(brace 8 10609 10611 10610 10611)
(brace 9 10614 10616 10615 10616)
(brace 8 10618 10620 10619 10620)
(brace 9 10621 10623 10622 10623)
(comment 0 10624 10625 10624 10625)
(brace 8 10634 10636 10635 10636)
(brace 9 10643 10645 10644 10645)
(brace 8 10644 10646 10645 10646)
(brace 9 10655 10657 10656 10657)
(inline-math 0 10657 10658 10657 10658)
(brace 8 10687 10689 10688 10689)
(brace 9 10698 10700 10699 10700)
(comment 0 10704 10705 10704 10705)
(comment 0 10783 10784 10783 10784)
(inline-math 0 10798 10799 10798 10799)
(inline-math 0 10806 10807 10806 10807)
(inline-math 0 10821 10822 10821 10822)
(inline-math 0 10827 10828 10827 10828)
(inline-math 0 10842 10843 10842 10843)
(inline-math 0 10850 10851 10850 10851)
(comment 0 10861 10862 10861 10862)
(inline-math 0 10872 10873 10872 10873)
(inline-math 0 10874 10875 10874 10875)
(inline-math 0 10876 10877 10876 10877)
(inline-math 0 10880 10881 10880 10881)
(inline-math 0 10882 10883 10882 10883)
(brace 8 10903 10905 10904 10905)
(brace 9 10905 10907 10906 10907)
(inline-math 0 10935 10936 10935 10936)
(comment 0 10938 10939 10938 10939)
(inline-math 0 10960 10961 10960 10961)
(brace 8 10968 10970 10969 10970)
(brace 9 10970 10972 10971 10972)
(inline-math 0 10977 10978 10977 10978)
(comment 0 11005 11006 11005 11006)
(environment 3 11008 11024 11008 11024)
(brace 4 11008 11014 11009 11014)
(brace 9 11022 11024 11023 11024)
(comment 0 11025 11026 11025 11026)
(environment 3 11026 11036 11026 11036)
(brace 4 11026 11032 11027 11032)
(brace 9 11034 11036 11035 11036)
(environment 2 11048 11059 11048 11059)
(brace 3 11048 11055 11048 11055)
(brace 9 11057 11059 11058 11059)
(inline-math 0 11115 11116 11115 11116)
(inline-math 0 11127 11128 11127 11128)
(inline-math 0 11132 11133 11132 11133)
(inline-math 0 11144 11145 11144 11145)
(environment 2 11159 11177 11159 11177)
(brace 3 11159 11167 11160 11167)
(brace 9 11175 11177 11176 11177)
(inline-math 0 11191 11192 11191 11192)
(inline-math 0 11203 11204 11203 11204)
(inline-math 0 11275 11276 11275 11276)
(inline-math 0 11277 11278 11277 11278)
(inline-math 0 11307 11308 11307 11308)
(inline-math 0 11309 11310 11309 11310)
(inline-math 0 11316 11317 11316 11317)
(inline-math 0 11318 11319 11318 11319)
(inline-math 0 11341 11342 11341 11342)
(inline-math 0 11343 11344 11343 11344)
(inline-math 0 11351 11352 11351 11352)
(inline-math 0 11353 11354 11353 11354)
(inline-math 0 11393 11394 11393 11394)
(inline-math 0 11395 11396 11395 11396)
(inline-math 0 11430 11431 11430 11431)
(inline-math 0 11434 11435 11434 11435)
(inline-math 0 11446 11447 11446 11447)
(inline-math 0 11472 11473 11472 11473)
(inline-math 0 11484 11485 11484 11485)
(inline-math 0 11486 11487 11486 11487)
(inline-math 0 11497 11498 11497 11498)
(inline-math 0 11499 11500 11499 11500)
(inline-math 0 11525 11526 11525 11526)
(inline-math 0 11527 11528 11527 11528)
(inline-math 0 11568 11569 11568 11569)
(inline-math 0 11570 11571 11570 11571)
(inline-math 0 11608 11609 11608 11609)
(brace 8 11610 11612 11611 11612)
(brace 9 11613 11615 11614 11615)
(inline-math 0 11618 11619 11618 11619)
(inline-math 0 11654 11655 11654 11655)
(inline-math 0 11656 11657 11656 11657)
(brace 8 11694 11696 11695 11696)
(inline-math 0 11694 11695 11694 11695)
(brace 9 11701 11703 11702 11703)
(inline-math 0 11708 11709 11708 11709)
(inline-math 0 11754 11755 11754 11755)
(inline-math 0 11756 11757 11756 11757)
(inline-math 0 11763 11764 11763 11764)
(inline-math 0 11765 11766 11765 11766)
(brace 8 11836 11838 11837 11838)
(brace 9 11843 11845 11844 11845)
(inline-math 0 11851 11852 11851 11852)
(brace 8 11857 11859 11858 11859)
(brace 9 11864 11866 11865 11866)
(inline-math 0 11871 11872 11871 11872)
(inline-math 0 11903 11904 11903 11904)
(inline-math 0 11904 11905 11904 11905)
(brace 8 11978 11980 11979 11980)
(brace 9 11987 11989 11988 11989)
(brace 8 11988 11990 11989 11990)
(brace 9 11994 11996 11995 11996)
(inline-math 0 12026 12027 12026 12027)
(inline-math 0 12027 12028 12027 12028)
(inline-math 0 12042 12043 12042 12043)
(inline-math 0 12057 12058 12057 12058)
(inline-math 0 12087 12088 12087 12088)
(inline-math 0 12089 12090 12089 12090)
(inline-math 0 12112 12113 12112 12113)
(inline-math 0 12122 12123 12122 12123)
(inline-math 0 12153 12154 12153 12154)
(inline-math 0 12157 12158 12157 12158)
(inline-math 0 12179 12180 12179 12180)
(inline-math 0 12181 12182 12181 12182)
(inline-math 0 12190 12191 12190 12191)
(inline-math 0 12192 12193 12192 12193)
(inline-math 0 12195 12196 12195 12196)
(inline-math 0 12196 12197 12196 12197)
(inline-math 0 12215 12216 12215 12216)
(inline-math 0 12216 12217 12216 12217)
(inline-math 0 12250 12251 12250 12251)
(inline-math 0 12252 12253 12252 12253)
(inline-math 0 12258 12259 12258 12259)
(inline-math 0 12264 12265 12264 12265)
(inline-math 0 12355 12356 12355 12356)
(inline-math 0 12361 12362 12361 12362)
(inline-math 0 12439 12440 12439 12440)
(inline-math 0 12445 12446 12445 12446)
(inline-math 0 12464 12465 12464 12465)
(inline-math 0 12466 12467 12466 12467)
(inline-math 0 12497 12498 12497 12498)
(inline-math 0 12499 12500 12499 12500)
(inline-math 0 12561 12562 12561 12562)
(inline-math 0 12569 12570 12569 12570)
(inline-math 0 12574 12575 12574 12575)
(inline-math 0 12582 12583 12582 12583)
(inline-math 0 12694 12695 12694 12695)
(inline-math 0 12696 12697 12696 12697)
(inline-math 0 12710 12711 12710 12711)
(inline-math 0 12723 12724 12723 12724)
(inline-math 0 12730 12731 12730 12731)
(inline-math 0 12749 12750 12749 12750)
(inline-math 0 12796 12797 12796 12797)
(inline-math 0 12802 12803 12802 12803)
(environment 3 12900 12916 12900 12916)
(brace 4 12900 12906 12901 12906)
(brace 9 12914 12916 12915 12916)
(environment 3 12917 12926 12917 12926)
(brace 4 12917 12922 12917 12922)
(brace 9 12924 12926 12925 12926)
(environment 2 12941 12952 12941 12952)
(brace 3 12941 12948 12941 12948)
(brace 9 12950 12952 12951 12952)
(inline-math 0 13001 13002 13001 13002)
(inline-math 0 13011 13012 13011 13012)
(inline-math 0 13036 13037 13036 13037)
(inline-math 0 13046 13047 13046 13047)
(environment 2 13049 13067 13049 13067)
(brace 3 13049 13057 13050 13057)
(brace 9 13065 13067 13066 13067)
(inline-math 0 13136 13137 13136 13137)
(inline-math 0 13138 13139 13138 13139)
(inline-math 0 13251 13252 13251 13252)
(inline-math 0 13259 13260 13259 13260)
(inline-math 0 13264 13265 13264 13265)
(inline-math 0 13266 13267 13266 13267)
(inline-math 0 13278 13279 13278 13279)
(inline-math 0 13295 13296 13295 13296)
(inline-math 0 13311 13312 13311 13312)
(inline-math 0 13315 13316 13315 13316)
(environment 3 13328 13344 13328 13344)
(brace 4 13328 13334 13329 13334)
(brace 9 13342 13344 13343 13344)
(environment 3 13345 13354 13345 13354)
(brace 4 13345 13350 13345 13350)
(brace 9 13352 13354 13353 13354)
(environment 2 13368 13379 13368 13379)
(brace 3 13368 13375 13368 13375)
(brace 9 13377 13379 13378 13379)
(inline-math 0 13403 13404 13403 13404)
(inline-math 0 13413 13414 13413 13414)
(inline-math 0 13418 13419 13418 13419)
(inline-math 0 13428 13429 13428 13429)
(environment 2 13455 13473 13455 13473)
(brace 3 13455 13463 13456 13463)
(brace 9 13471 13473 13472 13473)
(inline-math 0 13487 13488 13487 13488)
(brace 8 13493 13495 13494 13495)
(brace 9 13500 13502 13501 13502)
(inline-math 0 13507 13508 13507 13508)
(inline-math 0 13519 13520 13519 13520)
(inline-math 0 13528 13529 13528 13529)
(inline-math 0 13543 13544 13543 13544)
(inline-math 0 13548 13549 13548 13549)
(inline-math 0 13589 13590 13589 13590)
(inline-math 0 13591 13592 13591 13592)
(inline-math 0 13617 13618 13617 13618)
(inline-math 0 13619 13620 13619 13620)
(inline-math 0 13731 13732 13731 13732)
(inline-math 0 13742 13743 13742 13743)
(inline-math 0 13770 13771 13770 13771)
(inline-math 0 13772 13773 13772 13773)
(inline-math 0 13778 13779 13778 13779)
(inline-math 0 13780 13781 13780 13781)
(brace 8 13805 13807 13806 13807)
(inline-math 0 13805 13806 13805 13806)
(brace 9 13812 13814 13813 13814)
(inline-math 0 13819 13820 13819 13820)
(inline-math 0 13856 13857 13856 13857)
(brace 8 13864 13866 13865 13866)
(brace 9 13867 13869 13868 13869)
(inline-math 0 13869 13870 13869 13870)
(inline-math 0 13874 13875 13874 13875)
(inline-math 0 13885 13886 13885 13886)
(inline-math 0 13896 13897 13896 13897)
(inline-math 0 13907 13908 13907 13908)
(environment 3 13924 13940 13924 13940)
(brace 4 13924 13930 13925 13930)
(brace 9 13938 13940 13939 13940)
(environment 3 13941 13950 13941 13950)
(brace 4 13941 13946 13941 13946)
(brace 9 13948 13950 13949 13950)
(environment 3 13953 13967 13953 13967)
(brace 4 13953 13958 13953 13958)
(brace 9 13965 13967 13966 13967)
(comment 0 13968 13969 13968 13969)
(comment 0 13969 13970 13969 13970)
(comment 0 13970 13971 13970 13971)
(comment 0 13989 13990 13989 13990)
(comment 0 13990 13991 13990 13991)
(comment 0 13991 13992 13991 13992)
(comment 0 14005 14006 14005 14006)
(comment 0 14006 14007 14006 14007)
(comment 0 14007 14008 14007 14008)
(comment 0 14023 14024 14023 14024)
(comment 0 14024 14025 14024 14025)
(comment 0 14025 14026 14025 14026)
