"b6da4d9e24fe9885638b170ab49169f6"
"1f62ab6ad84ea03c1f257dce43aebab0"
(preamble 0 1 30 1 30)
(0 0 1 30 22 29)
(brace 6 1 22 1 22)
(brace 9 28 30 29 30)
(1 0 31 59 53 58)
(comment 0 31 32 31 32)
(brace 8 51 53 52 53)
(brace 9 57 59 58 59)
(1 0 60 84 76 83)
(brace 8 74 76 75 76)
(brace 9 82 84 83 84)
(comment 0 100 101 100 101)
(1 0 131 159 150 158)
(brace 8 148 150 149 150)
(brace 9 157 159 158 159)
(comment 0 170 171 170 171)
(1 0 204 223 216 222)
(brace 0 204 216 204 216)
(brace 9 221 223 222 223)
(comment 0 244 245 244 245)
(1 0 276 296 288 295)
(brace 0 276 288 276 288)
(brace 9 294 296 295 296)
(comment 0 300 301 300 301)
(1 0 335 356 347 355)
(brace 0 335 347 335 347)
(brace 9 354 356 355 356)
(comment 0 359 360 359 360)
(1 0 390 410 402 409)
(brace 0 390 402 390 402)
(brace 9 408 410 409 410)
(comment 0 430 431 430 431)
(1 0 464 484 476 483)
(brace 0 464 476 464 476)
(brace 9 482 484 483 484)
(1 0 485 506 497 505)
(brace 0 485 497 485 497)
(brace 9 504 506 505 506)
(1 0 507 527 519 526)
(brace 0 507 519 507 519)
(brace 9 525 527 526 527)
(comment 0 530 531 530 531)
(brace 8 565 567 566 567)
(brace 9 568 570 569 570)
(brace 8 583 585 584 585)
(brace 9 588 590 589 590)
(brace 8 589 591 590 591)
(brace 9 594 596 595 596)
(brace 8 595 597 596 597)
(brace 9 600 602 601 602)
(brace 8 601 603 602 603)
(brace 9 606 608 607 608)
(brace 8 607 609 608 609)
(brace 9 612 614 613 614)
(brace 8 613 615 614 615)
(brace 9 617 619 618 619)
(brace 8 618 620 619 620)
(brace 9 622 624 623 624)
(brace 8 623 625 624 625)
(brace 9 628 630 629 630)
(comment 0 632 633 632 633)
(brace 8 660 662 661 662)
(brace 9 673 675 674 675)
(brace 8 685 687 686 687)
(brace 9 697 699 698 699)
(brace 8 709 711 710 711)
(brace 9 722 724 723 724)
(brace 8 734 736 735 736)
(brace 9 748 750 749 750)
(newcommand 0 751 781 763 780)
(brace 8 761 763 762 763)
(brace 9 779 781 780 781)
(brace 8 786 788 787 788)
(comment 0 788 789 788 789)
(brace 8 808 810 809 810)
(brace 9 820 822 821 822)
(brace 8 821 823 822 823)
(brace 9 824 826 825 826)
(comment 0 826 827 826 827)
(brace 8 846 848 847 848)
(brace 9 859 861 860 861)
(brace 8 860 862 861 862)
(brace 9 863 865 864 865)
(comment 0 865 866 865 866)
(brace 8 885 887 886 887)
(brace 9 898 900 899 900)
(brace 8 899 901 900 901)
(brace 9 902 904 903 904)
(comment 0 904 905 904 905)
(brace 8 924 926 925 926)
(brace 8 931 933 932 933)
(brace 9 944 946 945 946)
(brace 9 949 951 950 951)
(brace 8 967 969 968 969)
(brace 8 978 980 979 980)
(brace 9 992 994 993 994)
(brace 8 993 995 994 995)
(brace 9 997 999 998 999)
(brace 9 998 1000 999 1000)
(brace 8 999 1001 1000 1001)
(brace 9 1000 1002 1001 1002)
(comment 0 1002 1003 1002 1003)
(brace 8 1022 1024 1023 1024)
(brace 8 1029 1031 1030 1031)
(brace 9 1042 1044 1043 1044)
(brace 9 1047 1049 1048 1049)
(brace 8 1065 1067 1066 1067)
(brace 8 1076 1078 1077 1078)
(brace 9 1090 1092 1091 1092)
(brace 8 1091 1093 1092 1093)
(brace 9 1108 1110 1109 1110)
(brace 9 1109 1111 1110 1111)
(brace 8 1110 1112 1111 1112)
(brace 9 1111 1113 1112 1113)
(comment 0 1113 1114 1113 1114)
(brace 8 1133 1135 1134 1135)
(brace 8 1140 1142 1141 1142)
(brace 9 1153 1155 1154 1155)
(brace 9 1158 1160 1159 1160)
(brace 8 1176 1178 1177 1178)
(brace 8 1187 1189 1188 1189)
(brace 9 1201 1203 1202 1203)
(brace 8 1202 1204 1203 1204)
(brace 9 1217 1219 1218 1219)
(brace 9 1218 1220 1219 1220)
(brace 8 1219 1221 1220 1221)
(brace 9 1220 1222 1221 1222)
(comment 0 1222 1223 1222 1223)
(brace 8 1242 1244 1243 1244)
(brace 8 1249 1251 1250 1251)
(brace 9 1262 1264 1263 1264)
(brace 9 1267 1269 1268 1269)
(brace 8 1285 1287 1286 1287)
(brace 8 1296 1298 1297 1298)
(brace 9 1310 1312 1311 1312)
(brace 8 1311 1313 1312 1313)
(brace 9 1326 1328 1327 1328)
(brace 9 1327 1329 1328 1329)
(brace 8 1328 1330 1329 1330)
(brace 9 1329 1331 1330 1331)
(comment 0 1331 1332 1331 1332)
(brace 8 1351 1353 1352 1353)
(brace 8 1358 1360 1359 1360)
(brace 9 1371 1373 1372 1373)
(brace 9 1376 1378 1377 1378)
(brace 8 1394 1396 1395 1396)
(brace 8 1405 1407 1406 1407)
(brace 9 1419 1421 1420 1421)
(brace 8 1420 1422 1421 1422)
(brace 9 1424 1426 1425 1426)
(brace 9 1425 1427 1426 1427)
(brace 8 1426 1428 1427 1428)
(brace 9 1427 1429 1428 1429)
(comment 0 1429 1430 1429 1430)
(comment 0 1447 1448 1447 1448)
(comment 0 1516 1517 1516 1517)
(comment 0 1575 1576 1575 1576)
(comment 0 1654 1655 1654 1655)
(comment 0 1672 1673 1672 1673)
(comment 0 1709 1710 1709 1710)
(comment 0 1727 1728 1727 1728)
(comment 0 1806 1807 1806 1807)
(brace 8 1832 1834 1833 1834)
(brace 9 1833 1835 1834 1835)
(comment 0 1856 1857 1856 1857)
(comment 0 1874 1875 1874 1875)
(comment 0 1943 1944 1943 1944)
(comment 0 1985 1986 1985 1986)
(brace 9 1990 1992 1991 1992)
(newcommand 0 1993 2014 2005 2013)
(brace 8 2003 2005 2004 2005)
(brace 9 2012 2014 2013 2014)
(brace 8 2019 2021 2020 2021)
(brace 8 2041 2043 2042 2043)
(brace 9 2042 2044 2043 2044)
(brace 8 2043 2045 2044 2045)
(brace 9 2046 2048 2047 2048)
(brace 8 2047 2049 2048 2049)
(brace 9 2048 2050 2049 2050)
(brace 9 2049 2051 2050 2051)
(newcommand 0 2052 2077 2064 2076)
(brace 8 2062 2064 2063 2064)
(brace 9 2075 2077 2076 2077)
(brace 8 2082 2084 2083 2084)
(brace 8 2104 2106 2105 2106)
(brace 9 2107 2109 2108 2109)
(brace 8 2108 2110 2109 2110)
(brace 9 2111 2113 2112 2113)
(brace 8 2112 2114 2113 2114)
(brace 9 2113 2115 2114 2115)
(brace 9 2114 2116 2115 2116)
(newcommand 0 2117 2143 2129 2142)
(brace 8 2127 2129 2128 2129)
(brace 9 2141 2143 2142 2143)
(brace 8 2148 2150 2149 2150)
(brace 8 2170 2172 2171 2172)
(brace 9 2171 2173 2172 2173)
(brace 8 2172 2174 2173 2174)
(brace 9 2175 2177 2176 2177)
(brace 8 2176 2178 2177 2178)
(brace 9 2179 2181 2180 2181)
(brace 9 2180 2182 2181 2182)
(newcommand 0 2183 2213 2195 2212)
(brace 8 2193 2195 2194 2195)
(brace 9 2211 2213 2212 2213)
(brace 8 2218 2220 2219 2220)
(brace 8 2240 2242 2241 2242)
(brace 9 2243 2245 2244 2245)
(brace 8 2244 2246 2245 2246)
(brace 8 2250 2252 2251 2252)
(brace 9 2253 2255 2254 2255)
(brace 9 2254 2256 2255 2256)
(brace 8 2255 2257 2256 2257)
(brace 9 2258 2260 2259 2260)
(brace 9 2259 2261 2260 2261)
(newcommand 0 2263 2283 2275 2282)
(brace 8 2273 2275 2274 2275)
(brace 9 2281 2283 2282 2283)
(brace 8 2285 2287 2286 2287)
(brace 8 2300 2302 2301 2302)
(brace 8 2308 2310 2309 2310)
(brace 9 2311 2313 2312 2313)
(brace 8 2312 2314 2313 2314)
(brace 9 2314 2316 2315 2316)
(brace 9 2316 2318 2317 2318)
(brace 8 2317 2319 2318 2319)
(brace 9 2319 2321 2320 2321)
(brace 8 2320 2322 2321 2322)
(brace 8 2335 2337 2336 2337)
(brace 8 2343 2345 2344 2345)
(brace 9 2346 2348 2347 2348)
(brace 8 2347 2349 2348 2349)
(brace 9 2349 2351 2350 2351)
(brace 9 2351 2353 2352 2353)
(brace 8 2352 2354 2353 2354)
(brace 9 2355 2357 2356 2357)
(brace 8 2356 2358 2357 2358)
(brace 8 2371 2373 2372 2373)
(brace 8 2379 2381 2380 2381)
(brace 9 2382 2384 2383 2384)
(brace 8 2383 2385 2384 2385)
(brace 9 2385 2387 2386 2387)
(brace 9 2387 2389 2388 2389)
(brace 8 2388 2390 2389 2390)
(brace 9 2392 2394 2393 2394)
(brace 8 2393 2395 2394 2395)
(brace 8 2408 2410 2409 2410)
(brace 8 2416 2418 2417 2418)
(brace 9 2419 2421 2420 2421)
(brace 8 2420 2422 2421 2422)
(brace 9 2422 2424 2423 2424)
(brace 9 2424 2426 2425 2426)
(brace 8 2425 2427 2426 2427)
(brace 9 2428 2430 2429 2430)
(brace 8 2429 2431 2430 2431)
(brace 8 2444 2446 2445 2446)
(brace 8 2452 2454 2453 2454)
(brace 9 2455 2457 2456 2457)
(brace 8 2456 2458 2457 2458)
(brace 9 2458 2460 2459 2460)
(brace 9 2460 2462 2461 2462)
(brace 8 2461 2463 2462 2463)
(brace 9 2463 2465 2464 2465)
(brace 8 2464 2466 2465 2466)
(brace 8 2479 2481 2480 2481)
(brace 8 2487 2489 2488 2489)
(brace 9 2490 2492 2491 2492)
(brace 8 2491 2493 2492 2493)
(brace 9 2493 2495 2494 2495)
(brace 9 2495 2497 2496 2497)
(brace 8 2496 2498 2497 2498)
(brace 9 2499 2501 2500 2501)
(brace 8 2500 2502 2501 2502)
(brace 8 2515 2517 2516 2517)
(brace 8 2523 2525 2524 2525)
(brace 9 2526 2528 2527 2528)
(brace 8 2527 2529 2528 2529)
(brace 9 2529 2531 2530 2531)
(brace 9 2531 2533 2532 2533)
(brace 8 2532 2534 2533 2534)
(brace 9 2536 2538 2537 2538)
(brace 8 2537 2539 2538 2539)
(brace 8 2552 2554 2553 2554)
(brace 8 2560 2562 2561 2562)
(brace 9 2563 2565 2564 2565)
(brace 8 2564 2566 2565 2566)
(brace 9 2566 2568 2567 2568)
(brace 9 2568 2570 2569 2570)
(brace 8 2569 2571 2570 2571)
(brace 9 2574 2576 2575 2576)
(brace 8 2575 2577 2576 2577)
(brace 8 2590 2592 2591 2592)
(brace 8 2598 2600 2599 2600)
(brace 9 2601 2603 2602 2603)
(brace 8 2602 2604 2603 2604)
(brace 9 2604 2606 2605 2606)
(brace 9 2606 2608 2607 2608)
(brace 8 2607 2609 2608 2609)
(brace 9 2610 2612 2611 2612)
(brace 8 2611 2613 2612 2613)
(brace 8 2626 2628 2627 2628)
(brace 8 2634 2636 2635 2636)
(brace 9 2637 2639 2638 2639)
(brace 8 2638 2640 2639 2640)
(brace 9 2641 2643 2642 2643)
(brace 9 2643 2645 2644 2645)
(brace 8 2644 2646 2645 2646)
(brace 9 2646 2648 2647 2648)
(brace 8 2647 2649 2648 2649)
(brace 8 2662 2664 2663 2664)
(brace 8 2670 2672 2671 2672)
(brace 9 2673 2675 2674 2675)
(brace 8 2674 2676 2675 2676)
(brace 9 2677 2679 2678 2679)
(brace 9 2679 2681 2680 2681)
(brace 8 2680 2682 2681 2682)
(brace 9 2683 2685 2684 2685)
(brace 8 2684 2686 2685 2686)
(brace 8 2699 2701 2700 2701)
(brace 8 2707 2709 2708 2709)
(brace 9 2710 2712 2711 2712)
(brace 8 2711 2713 2712 2713)
(brace 9 2714 2716 2715 2716)
(brace 9 2716 2718 2717 2718)
(brace 8 2717 2719 2718 2719)
(brace 9 2721 2723 2722 2723)
(brace 8 2722 2724 2723 2724)
(brace 8 2737 2739 2738 2739)
(brace 8 2745 2747 2746 2747)
(brace 9 2748 2750 2749 2750)
(brace 8 2749 2751 2750 2751)
(brace 9 2752 2754 2753 2754)
(brace 9 2754 2756 2755 2756)
(brace 8 2755 2757 2756 2757)
(brace 9 2760 2762 2761 2762)
(brace 8 2761 2763 2762 2763)
(brace 8 2776 2778 2777 2778)
(brace 8 2784 2786 2785 2786)
(brace 9 2787 2789 2788 2789)
(brace 8 2788 2790 2789 2790)
(brace 9 2791 2793 2792 2793)
(brace 9 2793 2795 2794 2795)
(brace 8 2794 2796 2795 2796)
(brace 9 2798 2800 2799 2800)
(brace 8 2799 2801 2800 2801)
(brace 8 2814 2816 2815 2816)
(brace 8 2822 2824 2823 2824)
(brace 9 2825 2827 2826 2827)
(brace 8 2826 2828 2827 2828)
(brace 9 2829 2831 2830 2831)
(brace 9 2831 2833 2832 2833)
(brace 8 2832 2834 2833 2834)
(brace 9 2835 2837 2836 2837)
(brace 8 2836 2838 2837 2838)
(brace 8 2851 2853 2852 2853)
(brace 8 2859 2861 2860 2861)
(brace 9 2862 2864 2863 2864)
(brace 8 2863 2865 2864 2865)
(brace 9 2866 2868 2867 2868)
(brace 9 2868 2870 2869 2870)
(brace 8 2869 2871 2870 2871)
(brace 9 2873 2875 2874 2875)
(brace 8 2874 2876 2875 2876)
(brace 8 2889 2891 2890 2891)
(brace 8 2897 2899 2898 2899)
(brace 9 2900 2902 2901 2902)
(brace 8 2901 2903 2902 2903)
(brace 9 2904 2906 2905 2906)
(brace 9 2906 2908 2907 2908)
(brace 8 2907 2909 2908 2909)
(brace 9 2912 2914 2913 2914)
(brace 8 2913 2915 2914 2915)
(brace 8 2928 2930 2929 2930)
(brace 8 2936 2938 2937 2938)
(brace 9 2939 2941 2940 2941)
(brace 8 2940 2942 2941 2942)
(brace 9 2943 2945 2944 2945)
(brace 9 2945 2947 2946 2947)
(brace 8 2946 2948 2947 2948)
(brace 9 2952 2954 2953 2954)
(brace 8 2953 2955 2954 2955)
(brace 9 2994 2996 2995 2996)
(brace 9 2996 2998 2997 2998)
(brace 9 2998 3000 2999 3000)
(brace 9 3000 3002 3001 3002)
(brace 9 3002 3004 3003 3004)
(brace 9 3004 3006 3005 3006)
(brace 9 3006 3008 3007 3008)
(brace 9 3008 3010 3009 3010)
(brace 9 3010 3012 3011 3012)
(brace 9 3012 3014 3013 3014)
(brace 9 3014 3016 3015 3016)
(brace 9 3016 3018 3017 3018)
(brace 9 3018 3020 3019 3020)
(brace 9 3020 3022 3021 3022)
(brace 9 3022 3024 3023 3024)
(brace 9 3024 3026 3025 3026)
(brace 9 3026 3028 3027 3028)
(brace 9 3028 3030 3029 3030)
(brace 9 3031 3032 3031 3032)
(brace 8 3044 3046 3045 3046)
(brace 9 3054 3056 3055 3056)
(newenvironment 0 3057 3076 3073 3075)
(brace 8 3071 3073 3072 3073)
(brace 9 3074 3076 3075 3076)
(brace 8 3078 3080 3079 3080)
(environment 2 3082 3094 3082 3094)
(brace 3 3082 3089 3082 3089)
(brace 9 3092 3094 3093 3094)
(brace 8 3093 3095 3094 3095)
(inline-math 0 3096 3097 3096 3097)
(brace 8 3103 3105 3104 3105)
(brace 9 3117 3119 3118 3119)
(inline-math 0 3119 3120 3119 3120)
(brace 9 3120 3122 3121 3122)
(brace 8 3121 3123 3122 3123)
(brace 8 3136 3138 3137 3138)
(brace 9 3146 3148 3147 3148)
(brace 8 3247 3249 3248 3249)
(brace 9 3259 3261 3260 3261)
(brace 8 3260 3262 3261 3262)
(brace 9 3265 3267 3266 3267)
(comment 0 3296 3297 3296 3297)
(brace 8 3308 3310 3309 3310)
(brace 9 3320 3322 3321 3322)
(brace 8 3321 3323 3322 3323)
(brace 9 3331 3333 3332 3333)
(brace 9 3334 3336 3335 3336)
(brace 8 3335 3337 3336 3337)
(environment 3 3336 3347 3336 3347)
(brace 4 3336 3342 3337 3342)
(brace 9 3345 3347 3346 3347)
(brace 9 3348 3349 3348 3349)
(comment 0 3352 3353 3352 3353)
(newcommand 0 3395 3412 3407 3411)
(brace 8 3405 3407 3406 3407)
(brace 9 3410 3412 3411 3412)
(brace 8 3411 3413 3412 3413)
(brace 8 3421 3423 3422 3423)
(brace 9 3423 3425 3424 3425)
(brace 9 3424 3426 3425 3426)
(newcommand 0 3427 3444 3439 3443)
(brace 8 3437 3439 3438 3439)
(brace 9 3442 3444 3443 3444)
(brace 8 3443 3445 3444 3445)
(brace 8 3453 3455 3454 3455)
(brace 9 3455 3457 3456 3457)
(brace 9 3456 3458 3457 3458)
(newcommand 0 3459 3475 3471 3474)
(brace 8 3469 3471 3470 3471)
(brace 9 3473 3475 3474 3475)
(brace 8 3474 3476 3475 3476)
(brace 8 3482 3484 3483 3484)
(brace 9 3484 3486 3485 3486)
(brace 9 3485 3487 3486 3487)
(newcommand 0 3488 3504 3500 3503)
(brace 8 3498 3500 3499 3500)
(brace 9 3502 3504 3503 3504)
(brace 8 3503 3505 3504 3505)
(brace 8 3511 3513 3512 3513)
(brace 9 3513 3515 3514 3515)
(brace 9 3514 3516 3515 3516)
(newcommand 0 3517 3533 3529 3532)
(brace 8 3527 3529 3528 3529)
(brace 9 3531 3533 3532 3533)
(brace 8 3532 3534 3533 3534)
(brace 9 3539 3541 3540 3541)
(newcommand 0 3542 3559 3554 3558)
(brace 8 3552 3554 3553 3554)
(brace 9 3557 3559 3558 3559)
(brace 8 3561 3563 3562 3563)
(brace 8 3562 3564 3563 3564)
(brace 8 3574 3576 3575 3576)
(brace 8 3582 3584 3583 3584)
(brace 9 3585 3587 3586 3587)
(brace 9 3586 3588 3587 3588)
(brace 9 3587 3589 3588 3589)
(brace 9 3588 3590 3589 3590)
(newcommand 0 3591 3610 3603 3609)
(brace 8 3601 3603 3602 3603)
(brace 9 3608 3610 3609 3610)
(brace 8 3609 3611 3610 3611)
(brace 8 3622 3624 3623 3624)
(brace 9 3628 3630 3629 3630)
(brace 8 3629 3631 3630 3631)
(brace 9 3636 3638 3637 3638)
(brace 9 3637 3639 3638 3639)
(newcommand 0 3640 3663 3652 3662)
(brace 8 3650 3652 3651 3652)
(brace 9 3661 3663 3662 3663)
(brace 8 3665 3667 3666 3667)
(brace 8 3677 3679 3678 3679)
(brace 9 3695 3697 3696 3697)
(brace 9 3696 3698 3697 3698)
(newcommand 0 3699 3716 3711 3715)
(brace 8 3709 3711 3710 3711)
(brace 9 3714 3716 3715 3716)
(brace 8 3718 3720 3719 3720)
(brace 8 3730 3732 3731 3732)
(brace 8 3741 3743 3742 3743)
(brace 9 3744 3746 3745 3746)
(brace 9 3745 3747 3746 3747)
(brace 9 3746 3748 3747 3748)
(comment 0 3755 3756 3755 3756)
(newcommand 0 3766 3782 3778 3781)
(brace 8 3776 3778 3777 3778)
(brace 9 3780 3782 3781 3782)
(brace 8 3781 3783 3782 3783)
(brace 9 3795 3797 3796 3797)
(comment 0 3800 3801 3800 3801)
(brace 8 3865 3867 3866 3867)
(brace 9 3876 3878 3877 3878)
(comment 0 3878 3879 3878 3879)
(brace 8 3887 3889 3888 3889)
(brace 8 3912 3914 3913 3914)
(brace 9 3921 3923 3922 3923)
(brace 9 3922 3924 3923 3924)
(brace 8 3937 3939 3938 3939)
(brace 9 3947 3949 3948 3949)
(brace 8 3948 3950 3949 3950)
(brace 9 3959 3961 3960 3961)
(comment 0 3977 3978 3977 3978)
(comment 0 3978 3979 3978 3979)
(comment 0 3979 3980 3979 3980)
(comment 0 3980 3981 3980 3981)
(comment 0 3981 3982 3981 3982)
(newcommand 0 4003 4024 4015 4023)
(brace 8 4013 4015 4014 4015)
(brace 9 4022 4024 4023 4024)
(brace 8 4023 4025 4024 4025)
(brace 9 4036 4038 4037 4038)
(brace 8 4049 4051 4050 4051)
(brace 9 4054 4056 4055 4056)
(brace 8 4069 4071 4070 4071)
(brace 9 4078 4080 4079 4080)
(brace 8 4079 4081 4080 4081)
(brace 8 4087 4089 4088 4089)
(brace 9 4092 4094 4093 4094)
(brace 9 4093 4095 4094 4095)
(newenvironment 0 4097 4117 4113 4116)
(brace 8 4111 4113 4112 4113)
(brace 9 4115 4117 4116 4117)
(brace 8 4127 4128 4127 4128)
(brace 8 4145 4147 4146 4147)
(brace 9 4150 4152 4151 4152)
(brace 8 4165 4167 4166 4167)
(brace 8 4173 4175 4174 4175)
(brace 9 4176 4178 4177 4178)
(brace 8 4177 4179 4178 4179)
(brace 9 4182 4184 4183 4184)
(brace 9 4184 4186 4185 4186)
(brace 8 4185 4187 4186 4187)
(brace 8 4200 4202 4201 4202)
(brace 9 4227 4229 4228 4229)
(brace 9 4231 4233 4232 4233)
(brace 8 4232 4234 4233 4234)
(brace 8 4247 4249 4248 4249)
(brace 8 4274 4276 4275 4276)
(brace 9 4275 4277 4276 4277)
(brace 9 4289 4291 4290 4291)
(brace 9 4293 4295 4294 4295)
(comment 0 4296 4297 4296 4297)
(comment 0 4306 4307 4306 4307)
(brace 9 4315 4316 4315 4316)
(brace 9 4317 4319 4318 4319)
(brace 8 4317 4318 4317 4318)
(brace 8 4331 4333 4332 4333)
(brace 9 4342 4344 4343 4344)
(newenvironment 0 4345 4371 4361 4370)
(brace 8 4359 4361 4360 4361)
(brace 9 4369 4371 4370 4371)
(brace 8 4370 4372 4371 4372)
(environment 2 4373 4385 4373 4385)
(brace 3 4373 4380 4373 4380)
(brace 9 4383 4385 4384 4385)
(brace 8 4384 4386 4385 4386)
(brace 8 4385 4387 4386 4387)
(brace 8 4399 4401 4400 4401)
(brace 9 4410 4412 4411 4412)
(brace 9 4412 4414 4413 4414)
(brace 9 4413 4415 4414 4415)
(brace 8 4414 4416 4415 4416)
(brace 8 4429 4431 4430 4431)
(brace 9 4440 4442 4441 4442)
(brace 8 4523 4525 4524 4525)
(brace 9 4535 4537 4536 4537)
(brace 8 4536 4538 4537 4538)
(brace 8 4537 4539 4538 4539)
(brace 9 4549 4551 4550 4551)
(brace 9 4550 4552 4551 4552)
(brace 8 4608 4610 4609 4610)
(brace 9 4620 4622 4621 4622)
(brace 8 4621 4623 4622 4623)
(brace 9 4631 4633 4632 4633)
(brace 9 4634 4636 4635 4636)
(brace 8 4635 4637 4636 4637)
(environment 3 4636 4647 4636 4647)
(brace 4 4636 4642 4637 4642)
(brace 9 4645 4647 4646 4647)
(brace 9 4647 4649 4648 4649)
(comment 0 4652 4653 4652 4653)
(comment 0 4653 4654 4653 4654)
(comment 0 4654 4655 4654 4655)
(comment 0 4655 4656 4655 4656)
(comment 0 4656 4657 4656 4657)
(comment 0 4657 4658 4657 4658)
(comment 0 4658 4659 4658 4659)
(comment 0 4659 4660 4659 4660)
(comment 0 4660 4661 4660 4661)
(comment 0 4661 4662 4661 4662)
(comment 0 4662 4663 4662 4663)
(comment 0 4663 4664 4663 4664)
(comment 0 4664 4665 4664 4665)
(comment 0 4665 4666 4665 4666)
(comment 0 4666 4667 4666 4667)
(comment 0 4667 4668 4667 4668)
(comment 0 4668 4669 4668 4669)
(comment 0 4669 4670 4669 4670)
(comment 0 4670 4671 4670 4671)
(comment 0 4671 4672 4671 4672)
(comment 0 4672 4673 4672 4673)
(comment 0 4673 4674 4673 4674)
(comment 0 4674 4675 4674 4675)
(comment 0 4675 4676 4675 4676)
(comment 0 4676 4677 4676 4677)
(comment 0 4677 4678 4677 4678)
(comment 0 4678 4679 4678 4679)
(comment 0 4679 4680 4679 4680)
(comment 0 4680 4681 4680 4681)
(comment 0 4681 4682 4681 4682)
(comment 0 4682 4683 4682 4683)
(comment 0 4683 4684 4683 4684)
(comment 0 4684 4685 4684 4685)
(comment 0 4685 4686 4685 4686)
(comment 0 4686 4687 4686 4687)
(comment 0 4687 4688 4687 4688)
(comment 0 4688 4689 4688 4689)
(comment 0 4689 4690 4689 4690)
(comment 0 4690 4691 4690 4691)
(comment 0 4691 4692 4691 4692)
(comment 0 4692 4693 4692 4693)
(newcommand 0 4694 4722 4706 4721)
(brace 8 4704 4706 4705 4706)
(brace 9 4720 4722 4721 4722)
(brace 8 4721 4723 4722 4723)
(brace 8 4729 4731 4730 4731)
(brace 9 4733 4735 4734 4735)
(brace 9 4734 4736 4735 4736)
(newcommand 0 4737 4764 4749 4763)
(brace 8 4747 4749 4748 4749)
(brace 9 4762 4764 4763 4764)
(brace 8 4763 4765 4764 4765)
(brace 8 4771 4773 4772 4773)
(brace 9 4775 4777 4776 4777)
(brace 9 4776 4778 4777 4778)
(newcommand 0 4779 4801 4791 4800)
(brace 8 4789 4791 4790 4791)
(brace 9 4799 4801 4800 4801)
(brace 8 4800 4802 4801 4802)
(brace 9 4801 4803 4802 4803)
(newcommand 0 4806 4837 4818 4836)
(brace 8 4816 4818 4817 4818)
(brace 9 4835 4837 4836 4837)
(comment 0 4842 4843 4842 4843)
(brace 8 4893 4894 4893 4894)
(brace 8 4907 4909 4908 4909)
(brace 8 4915 4917 4916 4917)
(brace 9 4918 4920 4919 4920)
(brace 8 4919 4921 4920 4921)
(brace 9 4924 4926 4925 4926)
(brace 9 4926 4928 4927 4928)
(brace 8 4927 4929 4928 4929)
(brace 8 4959 4961 4960 4961)
(brace 9 4972 4974 4973 4974)
(brace 9 4976 4978 4977 4978)
(brace 8 4977 4979 4978 4979)
(brace 8 5009 5011 5010 5011)
(brace 9 5035 5037 5036 5037)
(brace 9 5039 5041 5040 5041)
(brace 9 5042 5043 5042 5043)
(comment 0 5045 5046 5045 5046)
(comment 0 5081 5082 5081 5082)
(comment 0 5090 5091 5090 5091)
(newenvironment 0 5126 5149 5142 5148)
(brace 8 5140 5142 5141 5142)
(brace 9 5147 5149 5148 5149)
(brace 8 5159 5160 5159 5160)
(brace 8 5178 5180 5179 5180)
(brace 9 5185 5187 5186 5187)
(brace 8 5186 5188 5187 5188)
(brace 9 5189 5191 5190 5191)
(brace 9 5191 5193 5192 5193)
(brace 8 5194 5195 5194 5195)
(brace 9 5217 5219 5218 5219)
(newcommand 0 5222 5244 5234 5243)
(brace 8 5232 5234 5233 5234)
(brace 9 5242 5244 5243 5244)
(brace 8 5246 5248 5247 5248)
(comment 0 5248 5249 5248 5249)
(brace 8 5268 5270 5269 5270)
(environment 2 5316 5330 5316 5330)
(brace 3 5316 5324 5317 5324)
(brace 9 5328 5330 5329 5330)
(brace 8 5329 5331 5330 5331)
(brace 8 5332 5334 5333 5334)
(brace 9 5335 5337 5336 5337)
(brace 8 5338 5340 5339 5340)
(brace 9 5341 5343 5342 5343)
(brace 9 5343 5345 5344 5345)
(environment 3 5432 5444 5432 5444)
(brace 4 5432 5438 5433 5438)
(brace 9 5442 5444 5443 5444)
(brace 9 5469 5471 5470 5471)
(brace 9 5470 5472 5471 5472)
(newcommand 0 5473 5489 5485 5488)
(brace 8 5483 5485 5484 5485)
(brace 9 5487 5489 5488 5489)
(brace 8 5488 5490 5489 5490)
(brace 9 5496 5498 5497 5498)
(newcommand 0 5499 5517 5511 5516)
(brace 8 5509 5511 5510 5511)
(brace 9 5515 5517 5516 5517)
(brace 8 5519 5521 5520 5521)
(brace 8 5528 5530 5529 5530)
(brace 9 5530 5532 5531 5532)
(brace 8 5532 5534 5533 5534)
(brace 9 5535 5537 5536 5537)
(brace 9 5536 5538 5537 5538)
(newcommand 0 5539 5555 5551 5554)
(brace 8 5549 5551 5550 5551)
(brace 9 5553 5555 5554 5555)
(brace 8 5554 5556 5555 5556)
(brace 8 5562 5564 5563 5564)
(brace 9 5564 5566 5565 5566)
(brace 9 5565 5567 5566 5567)
(newcommand 0 5568 5584 5580 5583)
(brace 8 5578 5580 5579 5580)
(brace 9 5582 5584 5583 5584)
(brace 8 5583 5585 5584 5585)
(brace 8 5591 5593 5592 5593)
(brace 9 5593 5595 5594 5595)
(brace 9 5594 5596 5595 5596)
(newcommand 0 5597 5613 5609 5612)
(brace 8 5607 5609 5608 5609)
(brace 9 5611 5613 5612 5613)
(brace 8 5612 5614 5613 5614)
(brace 8 5620 5622 5621 5622)
(brace 9 5622 5624 5623 5624)
(brace 9 5623 5625 5624 5625)
(newenvironment 0 5627 5648 5643 5647)
(brace 8 5641 5643 5642 5643)
(brace 9 5646 5648 5647 5648)
(comment 0 5654 5655 5654 5655)
(brace 8 5659 5661 5660 5661)
(brace 8 5671 5673 5672 5673)
(environment 2 5696 5710 5696 5710)
(brace 3 5696 5704 5697 5704)
(brace 9 5708 5710 5709 5710)
(brace 8 5709 5711 5710 5711)
(brace 8 5713 5715 5714 5715)
(brace 9 5719 5721 5720 5721)
(brace 9 5721 5723 5722 5723)
(brace 9 5722 5724 5723 5724)
(brace 9 5723 5725 5724 5725)
(comment 0 5725 5726 5725 5726)
(brace 8 5730 5732 5731 5732)
(environment 3 5731 5743 5731 5743)
(brace 4 5731 5737 5732 5737)
(brace 9 5741 5743 5742 5743)
(brace 9 5749 5751 5750 5751)
(newcommand 0 5753 5768 5765 5767)
(brace 8 5763 5765 5764 5765)
(brace 9 5766 5768 5767 5768)
(brace 8 5770 5772 5771 5772)
(brace 8 5771 5773 5772 5773)
(brace 8 5783 5785 5784 5785)
(comment 0 5796 5797 5796 5797)
(brace 8 5801 5803 5802 5803)
(brace 8 5808 5810 5809 5810)
(brace 9 5811 5813 5812 5813)
(brace 8 5812 5814 5813 5814)
(brace 9 5815 5817 5816 5817)
(brace 9 5816 5818 5817 5818)
(brace 8 5826 5828 5827 5828)
(brace 8 5833 5835 5834 5835)
(brace 9 5836 5838 5837 5838)
(brace 8 5837 5839 5838 5839)
(brace 9 5840 5842 5841 5842)
(brace 9 5841 5843 5842 5843)
(brace 8 5847 5849 5848 5849)
(brace 8 5853 5855 5854 5855)
(brace 9 5856 5858 5857 5858)
(brace 8 5857 5859 5858 5859)
(brace 9 5860 5862 5861 5862)
(brace 9 5861 5863 5862 5863)
(brace 8 5867 5869 5868 5869)
(brace 8 5873 5875 5874 5875)
(brace 9 5876 5878 5877 5878)
(brace 8 5877 5879 5878 5879)
(brace 9 5880 5882 5881 5882)
(brace 9 5881 5883 5882 5883)
(brace 9 5887 5889 5888 5889)
(brace 9 5888 5890 5889 5890)
(brace 9 5889 5891 5890 5891)
(brace 8 5904 5906 5905 5906)
(brace 9 5908 5910 5909 5910)
(brace 8 5909 5911 5910 5911)
(brace 9 5919 5921 5920 5921)
(newcommand 0 5922 5938 5934 5937)
(brace 8 5932 5934 5933 5934)
(brace 9 5936 5938 5937 5938)
(brace 8 5937 5939 5938 5939)
(brace 9 5949 5951 5950 5951)
(newcommand 0 5952 5974 5964 5973)
(brace 8 5962 5964 5963 5964)
(brace 9 5972 5974 5973 5974)
(brace 8 5976 5978 5977 5978)
(brace 8 5977 5979 5978 5979)
(brace 9 5993 5995 5994 5995)
(brace 9 5994 5996 5995 5996)
(newcommand 0 5997 6015 6009 6014)
(brace 8 6007 6009 6008 6009)
(brace 9 6013 6015 6014 6015)
(brace 8 6017 6019 6018 6019)
(brace 8 6029 6031 6030 6031)
(brace 9 6054 6056 6055 6056)
(brace 9 6055 6057 6056 6057)
(newcommand 0 6058 6076 6070 6075)
(brace 8 6068 6070 6069 6070)
(brace 9 6074 6076 6075 6076)
(brace 8 6078 6080 6079 6080)
(brace 8 6090 6092 6091 6092)
(brace 8 6098 6100 6099 6100)
(brace 9 6102 6104 6103 6104)
(brace 8 6104 6106 6105 6106)
(brace 9 6107 6109 6108 6109)
(brace 8 6109 6111 6110 6111)
(brace 9 6112 6114 6113 6114)
(brace 9 6117 6119 6118 6119)
(brace 9 6118 6120 6119 6120)
(newcommand 0 6121 6138 6133 6137)
(brace 8 6131 6133 6132 6133)
(brace 9 6136 6138 6137 6138)
(brace 8 6140 6142 6141 6142)
(brace 8 6146 6148 6147 6148)
(brace 9 6149 6151 6150 6151)
(brace 8 6150 6152 6151 6152)
(brace 9 6151 6153 6152 6153)
(brace 8 6152 6154 6153 6154)
(brace 9 6155 6157 6156 6157)
(brace 9 6156 6158 6157 6158)
(newcommand 0 6159 6175 6171 6174)
(brace 8 6169 6171 6170 6171)
(brace 9 6173 6175 6174 6175)
(brace 8 6174 6176 6175 6176)
(brace 8 6186 6188 6187 6188)
(brace 8 6194 6196 6195 6196)
(brace 9 6197 6199 6198 6199)
(brace 9 6198 6200 6199 6200)
(brace 9 6199 6201 6200 6201)
(brace 8 6214 6216 6215 6216)
(brace 9 6217 6219 6218 6219)
(brace 8 6218 6220 6219 6220)
(brace 8 6230 6232 6231 6232)
(brace 8 6238 6240 6239 6240)
(brace 9 6240 6242 6241 6242)
(brace 9 6241 6243 6242 6243)
(brace 9 6242 6244 6243 6244)
(brace 8 6257 6259 6258 6259)
(brace 9 6262 6264 6263 6264)
(brace 8 6263 6265 6264 6265)
(brace 9 6273 6275 6274 6275)
(brace 8 6288 6290 6289 6290)
(brace 9 6293 6295 6294 6295)
(brace 8 6294 6296 6295 6296)
(brace 9 6304 6306 6305 6306)
(1 0 6309 6330 6321 6329)
(brace 0 6309 6321 6309 6321)
(brace 9 6328 6330 6329 6330)
(brace 8 6344 6346 6345 6346)
(brace 9 6352 6354 6353 6354)
(brace 8 6353 6355 6354 6355)
(brace 8 6365 6367 6366 6367)
(brace 9 6379 6381 6380 6381)
(brace 8 6380 6382 6381 6382)
(brace 8 6406 6408 6407 6408)
(brace 9 6411 6413 6412 6413)
(brace 9 6420 6422 6421 6422)
(brace 8 6421 6423 6422 6423)
(brace 8 6435 6437 6436 6437)
(brace 9 6440 6442 6441 6442)
(brace 8 6441 6443 6442 6443)
(brace 9 6444 6446 6445 6446)
(brace 8 6470 6472 6471 6472)
(brace 9 6475 6477 6476 6477)
(brace 9 6484 6486 6485 6486)
(brace 9 6485 6487 6486 6487)
(preamble 1 6489 6505 6489 6505)
(environment 2 6489 6505 6489 6505)
(brace 3 6489 6496 6489 6496)
(brace 9 6503 6505 6504 6505)
(comment 0 6509 6510 6509 6510)
(brace 8 6614 6616 6615 6616)
(brace 8 6615 6617 6616 6617)
(brace 9 6673 6675 6674 6675)
(brace 9 6674 6676 6675 6676)
(brace 8 6675 6677 6676 6677)
(brace 9 6676 6678 6677 6678)
(brace 8 6682 6684 6683 6684)
(brace 8 6683 6685 6684 6685)
(brace 9 6717 6719 6718 6719)
(brace 9 6718 6720 6719 6720)
(brace 8 6740 6742 6741 6742)
(brace 8 6741 6743 6742 6743)
(brace 9 6774 6776 6775 6776)
(brace 9 6775 6777 6776 6777)
(brace 8 6776 6778 6777 6778)
(brace 9 6777 6779 6778 6779)
(brace 8 6778 6780 6779 6780)
(brace 8 6779 6781 6780 6781)
(brace 9 6828 6830 6829 6830)
(brace 9 6829 6831 6830 6831)
(brace 8 6848 6850 6849 6850)
(brace 8 6849 6851 6850 6851)
(brace 9 6919 6921 6920 6921)
(brace 9 6920 6922 6921 6922)
(comment 0 6923 6924 6923 6924)
(comment 0 7019 7020 7019 7020)
(comment 0 7111 7112 7111 7112)
(environment 2 7216 7227 7216 7227)
(brace 3 7216 7223 7216 7223)
(brace 9 7225 7227 7226 7227)
(inline-math 0 7271 7272 7271 7272)
(inline-math 0 7277 7278 7277 7278)
(environment 2 7300 7317 7300 7317)
(brace 3 7300 7307 7300 7307)
(brace 9 7315 7317 7316 7317)
(comment 0 7318 7319 7318 7319)
(inline-math 0 7368 7369 7368 7369)
(inline-math 0 7375 7376 7375 7376)
(inline-math 0 7387 7388 7387 7388)
(inline-math 0 7395 7396 7395 7396)
(inline-math 0 7409 7410 7409 7410)
(inline-math 0 7413 7414 7413 7414)
(inline-math 0 7433 7434 7433 7434)
(brace 8 7441 7443 7442 7443)
(brace 9 7443 7445 7444 7445)
(inline-math 0 7514 7515 7514 7515)
(inline-math 0 7529 7530 7529 7530)
(brace 8 7541 7543 7542 7543)
(brace 9 7543 7545 7544 7545)
(inline-math 0 7546 7547 7546 7547)
(inline-math 0 7587 7588 7587 7588)
(inline-math 0 7590 7591 7590 7591)
(inline-math 0 7617 7618 7617 7618)
(inline-math 0 7619 7620 7619 7620)
(inline-math 0 7635 7636 7635 7636)
(inline-math 0 7637 7638 7637 7638)
(inline-math 0 7668 7669 7668 7669)
(inline-math 0 7680 7681 7680 7681)
(inline-math 0 7701 7702 7701 7702)
(inline-math 0 7713 7714 7713 7714)
(inline-math 0 7716 7717 7716 7717)
(inline-math 0 7756 7757 7756 7757)
(inline-math 0 7803 7804 7803 7804)
(inline-math 0 7805 7806 7805 7806)
(inline-math 0 7810 7811 7810 7811)
(inline-math 0 7813 7814 7813 7814)
(inline-math 0 7851 7852 7851 7852)
(inline-math 0 7876 7877 7876 7877)
(inline-math 0 7879 7880 7879 7880)
(brace 8 7899 7901 7900 7901)
(brace 9 7906 7908 7907 7908)
(brace 8 7907 7909 7908 7909)
(brace 9 7916 7918 7917 7918)
(inline-math 0 7918 7919 7918 7919)
(inline-math 0 7933 7934 7933 7934)
(inline-math 0 7935 7936 7935 7936)
(inline-math 0 7940 7941 7940 7941)
(inline-math 0 7943 7944 7943 7944)
(inline-math 0 8009 8010 8009 8010)
(inline-math 0 8011 8012 8011 8012)
(inline-math 0 8014 8015 8014 8015)
(inline-math 0 8017 8018 8017 8018)
(inline-math 0 8022 8023 8022 8023)
(inline-math 0 8026 8027 8026 8027)
(brace 8 8057 8059 8058 8059)
(brace 9 8068 8070 8069 8070)
(inline-math 0 8162 8163 8162 8163)
(inline-math 0 8164 8165 8164 8165)
(inline-math 0 8169 8170 8169 8170)
(inline-math 0 8171 8172 8171 8172)
(inline-math 0 8198 8199 8198 8199)
(inline-math 0 8200 8201 8200 8201)
(inline-math 0 8264 8265 8264 8265)
(inline-math 0 8266 8267 8266 8267)
(inline-math 0 8271 8272 8271 8272)
(inline-math 0 8273 8274 8273 8274)
(comment 0 8324 8325 8324 8325)
(comment 0 8396 8397 8396 8397)
(inline-math 0 8438 8439 8438 8439)
(inline-math 0 8440 8441 8440 8441)
(inline-math 0 8452 8453 8452 8453)
(brace 8 8460 8462 8461 8462)
(brace 9 8462 8464 8463 8464)
(comment 0 8476 8477 8476 8477)
(brace 8 8484 8486 8485 8486)
(brace 9 8486 8488 8487 8488)
(brace 5 8498 8505 8499 8505)
(brace 9 8512 8514 8513 8514)
(inline-math 0 8517 8518 8517 8518)
(inline-math 0 8538 8539 8538 8539)
(inline-math 0 8540 8541 8540 8541)
(inline-math 0 8575 8576 8575 8576)
(inline-math 0 8577 8578 8577 8578)
(inline-math 0 8624 8625 8624 8625)
(inline-math 0 8632 8633 8632 8633)
(brace 8 8644 8646 8645 8646)
(inline-math 0 8644 8645 8644 8645)
(brace 9 8651 8653 8652 8653)
(inline-math 0 8656 8657 8656 8657)
(inline-math 0 8687 8688 8687 8688)
(inline-math 0 8689 8690 8689 8690)
(inline-math 0 8704 8705 8704 8705)
(inline-math 0 8716 8717 8716 8717)
(inline-math 0 8752 8753 8752 8753)
(inline-math 0 8754 8755 8754 8755)
(inline-math 0 8813 8814 8813 8814)
(brace 8 8823 8825 8824 8825)
(brace 9 8829 8831 8830 8831)
(brace 8 8830 8832 8831 8832)
(brace 9 8832 8834 8833 8834)
(inline-math 0 8834 8835 8834 8835)
(inline-math 0 8852 8853 8852 8853)
(inline-math 0 8864 8865 8864 8865)
(inline-math 0 8930 8931 8930 8931)
(inline-math 0 8932 8933 8932 8933)
(display-math 0 8948 8950 8948 8950)
(brace 8 8962 8964 8963 8964)
(brace 9 8968 8970 8969 8970)
(brace 8 8969 8971 8970 8971)
(brace 9 8971 8973 8972 8973)
(brace 8 8987 8989 8988 8989)
(brace 9 8991 8993 8992 8993)
(display-math 1 8995 8997 8995 8997)
(inline-math 0 9016 9017 9016 9017)
(brace 8 9025 9027 9026 9027)
(brace 9 9027 9029 9028 9029)
(inline-math 0 9029 9030 9029 9030)
(inline-math 0 9065 9066 9065 9066)
(inline-math 0 9067 9068 9067 9068)
(inline-math 0 9123 9124 9123 9124)
(inline-math 0 9125 9126 9125 9126)
(inline-math 0 9134 9135 9134 9135)
(brace 8 9144 9146 9145 9146)
(brace 9 9146 9148 9147 9148)
(brace 8 9161 9163 9162 9163)
(brace 9 9167 9169 9168 9169)
(brace 8 9168 9170 9169 9170)
(brace 9 9174 9176 9175 9176)
(inline-math 0 9176 9177 9176 9177)
(inline-math 0 9194 9195 9194 9195)
(inline-math 0 9196 9197 9196 9197)
(inline-math 0 9228 9229 9228 9229)
(brace 8 9239 9241 9240 9241)
(brace 9 9241 9243 9242 9243)
(inline-math 0 9243 9244 9243 9244)
(environment 3 9246 9261 9246 9261)
(brace 4 9246 9251 9246 9251)
(brace 9 9259 9261 9260 9261)
(environment 3 9262 9271 9262 9271)
(brace 4 9262 9267 9262 9267)
(brace 9 9269 9271 9270 9271)
(environment 2 9285 9296 9285 9296)
(brace 3 9285 9292 9285 9292)
(brace 9 9294 9296 9295 9296)
(inline-math 0 9337 9338 9337 9338)
(inline-math 0 9343 9344 9343 9344)
(inline-math 0 9372 9373 9372 9373)
(brace 8 9380 9382 9381 9382)
(brace 9 9382 9384 9383 9384)
(inline-math 0 9384 9385 9384 9385)
(environment 2 9454 9471 9454 9471)
(brace 3 9454 9461 9454 9461)
(brace 9 9469 9471 9470 9471)
(inline-math 0 9483 9484 9483 9484)
(brace 8 9489 9491 9490 9491)
(brace 9 9492 9494 9493 9494)
(inline-math 0 9494 9495 9494 9495)
(inline-math 0 9509 9510 9509 9510)
(inline-math 0 9511 9512 9511 9512)
(inline-math 0 9544 9545 9544 9545)
(inline-math 0 9546 9547 9546 9547)
(inline-math 0 9630 9631 9630 9631)
(inline-math 0 9642 9643 9642 9643)
(display-math 0 9658 9660 9658 9660)
(brace 8 9675 9677 9676 9677)
(brace 9 9677 9679 9678 9679)
(brace 8 9721 9723 9722 9723)
(brace 9 9723 9725 9724 9725)
(brace 8 9730 9732 9731 9732)
(inline-math 0 9744 9745 9744 9745)
(inline-math 0 9746 9747 9746 9747)
(brace 9 9747 9749 9748 9749)
(brace 8 9766 9768 9767 9768)
(brace 9 9777 9779 9778 9779)
(display-math 1 9788 9790 9788 9790)
(inline-math 0 9809 9810 9809 9810)
(inline-math 0 9820 9821 9820 9821)
(inline-math 0 9832 9833 9832 9833)
(inline-math 0 9836 9837 9836 9837)
(inline-math 0 9857 9858 9857 9858)
(inline-math 0 9865 9866 9865 9866)
(inline-math 0 9870 9871 9870 9871)
(inline-math 0 9872 9873 9872 9873)
(inline-math 0 9878 9879 9878 9879)
(inline-math 0 9886 9887 9886 9887)
(inline-math 0 9905 9906 9905 9906)
(inline-math 0 9913 9914 9913 9914)
(inline-math 0 9922 9923 9922 9923)
(inline-math 0 9930 9931 9930 9931)
(inline-math 0 9950 9951 9950 9951)
(inline-math 0 9952 9953 9952 9953)
(inline-math 0 9984 9985 9984 9985)
(brace 8 9990 9992 9991 9992)
(brace 9 9993 9995 9994 9995)
(inline-math 0 9995 9996 9995 9996)
(inline-math 0 10037 10038 10037 10038)
(brace 8 10043 10045 10044 10045)
(brace 9 10045 10047 10046 10047)
(inline-math 0 10047 10048 10047 10048)
(inline-math 0 10067 10068 10067 10068)
(inline-math 0 10069 10070 10069 10070)
(display-math 0 10105 10107 10105 10107)
(display-math 1 10215 10217 10215 10217)
(inline-math 0 10229 10230 10229 10230)
(brace 8 10235 10237 10236 10237)
(brace 9 10237 10239 10238 10239)
(inline-math 0 10239 10240 10239 10240)
(inline-math 0 10254 10255 10254 10255)
(inline-math 0 10256 10257 10256 10257)
(inline-math 0 10266 10267 10266 10267)
(inline-math 0 10273 10274 10273 10274)
(inline-math 0 10291 10292 10291 10292)
(inline-math 0 10293 10294 10293 10294)
(inline-math 0 10373 10374 10373 10374)
(inline-math 0 10375 10376 10375 10376)
(inline-math 0 10401 10402 10401 10402)
(inline-math 0 10425 10426 10425 10426)
(inline-math 0 10493 10494 10493 10494)
(inline-math 0 10501 10502 10501 10502)
(inline-math 0 10506 10507 10506 10507)
(inline-math 0 10508 10509 10508 10509)
(inline-math 0 10521 10522 10521 10522)
(brace 8 10526 10528 10527 10528)
(brace 9 10536 10538 10537 10538)
(brace 8 10547 10549 10548 10549)
(brace 9 10570 10572 10571 10572)
(inline-math 0 10572 10573 10572 10573)
(environment 3 10575 10590 10575 10590)
(brace 4 10575 10580 10575 10580)
(brace 9 10588 10590 10589 10590)
(environment 3 10591 10600 10591 10600)
(brace 4 10591 10596 10591 10596)
(brace 9 10598 10600 10599 10600)
(environment 2 10615 10626 10615 10626)
(brace 3 10615 10622 10615 10622)
(brace 9 10624 10626 10625 10626)
(inline-math 0 10679 10680 10679 10680)
(inline-math 0 10685 10686 10685 10686)
(environment 2 10707 10724 10707 10724)
(brace 3 10707 10714 10707 10714)
(brace 9 10722 10724 10723 10724)
(inline-math 0 10736 10737 10736 10737)
(inline-math 0 10748 10749 10748 10749)
(inline-math 0 10770 10771 10770 10771)
(inline-math 0 10772 10773 10772 10773)
(environment 2 10833 10849 10833 10849)
(brace 3 10833 10841 10834 10841)
(brace 9 10847 10849 10848 10849)
(inline-math 0 10858 10859 10858 10859)
(inline-math 0 10860 10861 10860 10861)
(inline-math 0 10906 10907 10906 10907)
(inline-math 0 10909 10910 10909 10910)
(inline-math 0 10928 10929 10928 10929)
(inline-math 0 10930 10931 10930 10931)
(inline-math 0 10972 10973 10972 10973)
(inline-math 0 10974 10975 10974 10975)
(inline-math 0 10985 10986 10985 10986)
(inline-math 0 10987 10988 10987 10988)
(inline-math 0 11005 11006 11005 11006)
(inline-math 0 11008 11009 11008 11009)
(inline-math 0 11020 11021 11020 11021)
(inline-math 0 11032 11033 11032 11033)
(inline-math 0 11035 11036 11035 11036)
(brace 8 11060 11062 11061 11062)
(brace 9 11062 11064 11063 11064)
(brace 8 11073 11075 11074 11075)
(brace 9 11097 11099 11098 11099)
(brace 8 11123 11125 11124 11125)
(brace 9 11127 11129 11128 11129)
(brace 8 11128 11130 11129 11130)
(brace 8 11137 11139 11138 11139)
(brace 9 11139 11141 11140 11141)
(brace 8 11140 11142 11141 11142)
(brace 9 11145 11147 11146 11147)
(brace 9 11146 11148 11147 11148)
(inline-math 0 11173 11174 11173 11174)
(inline-math 0 11183 11184 11183 11184)
(inline-math 0 11185 11186 11185 11186)
(inline-math 0 11208 11209 11208 11209)
(inline-math 0 11210 11211 11210 11211)
(inline-math 0 11252 11253 11252 11253)
(inline-math 0 11255 11256 11255 11256)
(inline-math 0 11260 11261 11260 11261)
(brace 8 11266 11268 11267 11268)
(brace 9 11274 11276 11275 11276)
(inline-math 0 11276 11277 11276 11277)
(inline-math 0 11307 11308 11307 11308)
(inline-math 0 11309 11310 11309 11310)
(inline-math 0 11321 11322 11321 11322)
(inline-math 0 11343 11344 11343 11344)
(inline-math 0 11361 11362 11361 11362)
(inline-math 0 11383 11384 11383 11384)
(inline-math 0 11395 11396 11395 11396)
(brace 8 11400 11402 11401 11402)
(brace 9 11404 11406 11405 11406)
(brace 8 11410 11412 11411 11412)
(brace 9 11414 11416 11415 11416)
(inline-math 0 11427 11428 11427 11428)
(environment 3 11431 11445 11431 11445)
(brace 4 11431 11437 11432 11437)
(brace 9 11443 11445 11444 11445)
(brace 8 11452 11454 11453 11454)
(brace 9 11463 11465 11464 11465)
(inline-math 0 11670 11671 11670 11671)
(inline-math 0 11672 11673 11672 11673)
(inline-math 0 11729 11730 11729 11730)
(inline-math 0 11731 11732 11731 11732)
(inline-math 0 11814 11815 11814 11815)
(inline-math 0 11816 11817 11816 11817)
(inline-math 0 11829 11830 11829 11830)
(inline-math 0 11831 11832 11831 11832)
(inline-math 0 11872 11873 11872 11873)
(inline-math 0 11880 11881 11880 11881)
(inline-math 0 11885 11886 11885 11886)
(inline-math 0 11893 11894 11893 11894)
(inline-math 0 11909 11910 11909 11910)
(inline-math 0 11911 11912 11911 11912)
(inline-math 0 11948 11949 11948 11949)
(inline-math 0 11958 11959 11958 11959)
(inline-math 0 11976 11977 11976 11977)
(inline-math 0 11980 11981 11980 11981)
(inline-math 0 12003 12004 12003 12004)
(inline-math 0 12007 12008 12007 12008)
(brace 8 12055 12057 12056 12057)
(brace 9 12066 12068 12067 12068)
(environment 3 12220 12235 12220 12235)
(brace 4 12220 12225 12220 12225)
(brace 9 12233 12235 12234 12235)
(environment 3 12236 12245 12236 12245)
(brace 4 12236 12241 12236 12241)
(brace 9 12243 12245 12244 12245)
(environment 2 12259 12270 12259 12270)
(brace 3 12259 12266 12259 12266)
(brace 9 12268 12270 12269 12270)
(inline-math 0 12323 12324 12323 12324)
(inline-math 0 12329 12330 12329 12330)
(brace 8 12358 12360 12359 12360)
(brace 9 12370 12372 12371 12372)
(environment 2 12373 12389 12373 12389)
(brace 3 12373 12381 12374 12381)
(brace 9 12387 12389 12388 12389)
(inline-math 0 12406 12407 12406 12407)
(inline-math 0 12414 12415 12414 12415)
(inline-math 0 12419 12420 12419 12420)
(inline-math 0 12421 12422 12421 12422)
(inline-math 0 12455 12456 12455 12456)
(inline-math 0 12467 12468 12467 12468)
(inline-math 0 12479 12480 12479 12480)
(inline-math 0 12489 12490 12489 12490)
(inline-math 0 12509 12510 12509 12510)
(inline-math 0 12520 12521 12520 12521)
(inline-math 0 12523 12524 12523 12524)
(inline-math 0 12550 12551 12550 12551)
(inline-math 0 12576 12577 12576 12577)
(inline-math 0 12587 12588 12587 12588)
(inline-math 0 12633 12634 12633 12634)
(inline-math 0 12635 12636 12635 12636)
(inline-math 0 12651 12652 12651 12652)
(inline-math 0 12653 12654 12653 12654)
(environment 3 12656 12669 12656 12669)
(brace 4 12656 12661 12656 12661)
(brace 9 12667 12669 12668 12669)
(environment 2 12671 12688 12671 12688)
(brace 3 12671 12678 12671 12678)
(brace 9 12686 12688 12687 12688)
(inline-math 0 12719 12720 12719 12720)
(inline-math 0 12721 12722 12721 12722)
(inline-math 0 12780 12781 12780 12781)
(inline-math 0 12782 12783 12782 12783)
(inline-math 0 12869 12870 12869 12870)
(inline-math 0 12871 12872 12871 12872)
(inline-math 0 12891 12892 12891 12892)
(inline-math 0 12893 12894 12893 12894)
(inline-math 0 12930 12931 12930 12931)
(inline-math 0 12932 12933 12932 12933)
(inline-math 0 12952 12953 12952 12953)
(inline-math 0 12954 12955 12954 12955)
(inline-math 0 12988 12989 12988 12989)
(inline-math 0 12990 12991 12990 12991)
(inline-math 0 13010 13011 13010 13011)
(inline-math 0 13022 13023 13022 13023)
(inline-math 0 13055 13056 13055 13056)
(inline-math 0 13057 13058 13057 13058)
(inline-math 0 13091 13092 13091 13092)
(inline-math 0 13093 13094 13093 13094)
(brace 8 13198 13200 13199 13200)
(brace 9 13209 13211 13210 13211)
(inline-math 0 13624 13625 13624 13625)
(brace 8 13631 13633 13632 13633)
(brace 9 13633 13635 13634 13635)
(inline-math 0 13638 13639 13638 13639)
(environment 3 13709 13724 13709 13724)
(brace 4 13709 13714 13709 13714)
(brace 9 13722 13724 13723 13724)
(environment 3 13725 13734 13725 13734)
(brace 4 13725 13730 13725 13730)
(brace 9 13732 13734 13733 13734)
(environment 2 13751 13762 13751 13762)
(brace 3 13751 13758 13751 13758)
(brace 9 13760 13762 13761 13762)
(inline-math 0 13791 13792 13791 13792)
(inline-math 0 13797 13798 13797 13798)
(inline-math 0 13802 13803 13802 13803)
(inline-math 0 13809 13810 13809 13810)
(environment 2 13836 13853 13836 13853)
(brace 3 13836 13843 13836 13843)
(brace 9 13851 13853 13852 13853)
(inline-math 0 13865 13866 13865 13866)
(inline-math 0 13867 13868 13867 13868)
(inline-math 0 13887 13888 13887 13888)
(inline-math 0 13903 13904 13903 13904)
(inline-math 0 13917 13918 13917 13918)
(inline-math 0 13931 13932 13931 13932)
(inline-math 0 13989 13990 13989 13990)
(inline-math 0 13991 13992 13991 13992)
(inline-math 0 14010 14011 14010 14011)
(inline-math 0 14012 14013 14012 14013)
(inline-math 0 14018 14019 14018 14019)
(inline-math 0 14020 14021 14020 14021)
(inline-math 0 14085 14086 14085 14086)
(inline-math 0 14087 14088 14087 14088)
(inline-math 0 14107 14108 14107 14108)
(inline-math 0 14109 14110 14109 14110)
(inline-math 0 14130 14131 14130 14131)
(inline-math 0 14132 14133 14132 14133)
(inline-math 0 14150 14151 14150 14151)
(inline-math 0 14152 14153 14152 14153)
(inline-math 0 14185 14186 14185 14186)
(inline-math 0 14187 14188 14187 14188)
(inline-math 0 14207 14208 14207 14208)
(inline-math 0 14209 14210 14209 14210)
(inline-math 0 14229 14230 14229 14230)
(inline-math 0 14231 14232 14231 14232)
(inline-math 0 14247 14248 14247 14248)
(inline-math 0 14252 14253 14252 14253)
(inline-math 0 14270 14271 14270 14271)
(inline-math 0 14272 14273 14272 14273)
(inline-math 0 14342 14343 14342 14343)
(inline-math 0 14344 14345 14344 14345)
(inline-math 0 14364 14365 14364 14365)
(inline-math 0 14366 14367 14366 14367)
(inline-math 0 14414 14415 14414 14415)
(inline-math 0 14416 14417 14416 14417)
(inline-math 0 14421 14422 14421 14422)
(inline-math 0 14423 14424 14423 14424)
(inline-math 0 14439 14440 14439 14440)
(inline-math 0 14441 14442 14441 14442)
(inline-math 0 14476 14477 14476 14477)
(inline-math 0 14478 14479 14478 14479)
(inline-math 0 14483 14484 14483 14484)
(inline-math 0 14485 14486 14485 14486)
(inline-math 0 14533 14534 14533 14534)
(inline-math 0 14535 14536 14535 14536)
(inline-math 0 14540 14541 14540 14541)
(inline-math 0 14542 14543 14542 14543)
(inline-math 0 14598 14599 14598 14599)
(inline-math 0 14600 14601 14600 14601)
(inline-math 0 14636 14637 14636 14637)
(inline-math 0 14638 14639 14638 14639)
(inline-math 0 14647 14648 14647 14648)
(inline-math 0 14651 14652 14651 14652)
(inline-math 0 14665 14666 14665 14666)
(inline-math 0 14673 14674 14673 14674)
(inline-math 0 14703 14704 14703 14704)
(inline-math 0 14705 14706 14705 14706)
(inline-math 0 14711 14712 14711 14712)
(inline-math 0 14713 14714 14713 14714)
(inline-math 0 14746 14747 14746 14747)
(inline-math 0 14748 14749 14748 14749)
(display-math 0 14774 14776 14774 14776)
(brace 8 14781 14783 14782 14783)
(brace 9 14789 14791 14790 14791)
(brace 8 14823 14825 14824 14825)
(brace 9 14837 14839 14838 14839)
(display-math 1 14846 14848 14846 14848)
(inline-math 0 14868 14869 14868 14869)
(inline-math 0 14872 14873 14872 14873)
(inline-math 0 14895 14896 14895 14896)
(inline-math 0 14897 14898 14897 14898)
(environment 3 14913 14928 14913 14928)
(brace 4 14913 14918 14913 14918)
(brace 9 14926 14928 14927 14928)
(environment 3 14929 14938 14929 14938)
(brace 4 14929 14934 14929 14934)
(brace 9 14936 14938 14937 14938)
(environment 2 14954 14965 14954 14965)
(brace 3 14954 14961 14954 14961)
(brace 9 14963 14965 14964 14965)
(inline-math 0 15008 15009 15008 15009)
(inline-math 0 15014 15015 15014 15015)
(inline-math 0 15019 15020 15019 15020)
(inline-math 0 15027 15028 15027 15028)
(inline-math 0 15061 15062 15061 15062)
(inline-math 0 15086 15087 15086 15087)
(brace 8 15097 15099 15098 15099)
(brace 9 15109 15111 15110 15111)
(environment 2 15115 15131 15115 15131)
(brace 3 15115 15123 15116 15123)
(brace 9 15129 15131 15130 15131)
(inline-math 0 15149 15150 15149 15150)
(inline-math 0 15151 15152 15151 15152)
(inline-math 0 15178 15179 15178 15179)
(inline-math 0 15180 15181 15180 15181)
(inline-math 0 15186 15187 15186 15187)
(inline-math 0 15189 15190 15189 15190)
(inline-math 0 15194 15195 15194 15195)
(inline-math 0 15196 15197 15196 15197)
(inline-math 0 15225 15226 15225 15226)
(brace 8 15227 15229 15228 15229)
(brace 9 15230 15232 15231 15232)
(inline-math 0 15232 15233 15232 15233)
(inline-math 0 15275 15276 15275 15276)
(inline-math 0 15277 15278 15277 15278)
(inline-math 0 15320 15321 15320 15321)
(inline-math 0 15322 15323 15322 15323)
(inline-math 0 15328 15329 15328 15329)
(inline-math 0 15330 15331 15330 15331)
(inline-math 0 15349 15350 15349 15350)
(inline-math 0 15352 15353 15352 15353)
(inline-math 0 15373 15374 15373 15374)
(inline-math 0 15386 15387 15386 15387)
(inline-math 0 15418 15419 15418 15419)
(inline-math 0 15420 15421 15420 15421)
(inline-math 0 15435 15436 15435 15436)
(inline-math 0 15447 15448 15447 15448)
(inline-math 0 15460 15461 15460 15461)
(inline-math 0 15468 15469 15468 15469)
(inline-math 0 15478 15479 15478 15479)
(inline-math 0 15495 15496 15495 15496)
(inline-math 0 15506 15507 15506 15507)
(inline-math 0 15533 15534 15533 15534)
(inline-math 0 15546 15547 15546 15547)
(inline-math 0 15548 15549 15548 15549)
(inline-math 0 15553 15554 15553 15554)
(inline-math 0 15555 15556 15555 15556)
(environment 3 15558 15571 15558 15571)
(brace 4 15558 15563 15558 15563)
(brace 9 15569 15571 15570 15571)
(environment 2 15572 15589 15572 15589)
(brace 3 15572 15579 15572 15579)
(brace 9 15587 15589 15588 15589)
(inline-math 0 15611 15612 15611 15612)
(inline-math 0 15613 15614 15613 15614)
(inline-math 0 15633 15634 15633 15634)
(inline-math 0 15635 15636 15635 15636)
(inline-math 0 15648 15649 15648 15649)
(inline-math 0 15650 15651 15650 15651)
(inline-math 0 15658 15659 15658 15659)
(inline-math 0 15663 15664 15663 15664)
(inline-math 0 15680 15681 15680 15681)
(inline-math 0 15682 15683 15682 15683)
(inline-math 0 15714 15715 15714 15715)
(inline-math 0 15716 15717 15716 15717)
(brace 8 15725 15727 15726 15727)
(brace 9 15735 15737 15736 15737)
(inline-math 0 15794 15795 15794 15795)
(inline-math 0 15798 15799 15798 15799)
(inline-math 0 15879 15880 15879 15880)
(inline-math 0 15881 15882 15881 15882)
(inline-math 0 15924 15925 15924 15925)
(inline-math 0 15926 15927 15926 15927)
(inline-math 0 15934 15935 15934 15935)
(inline-math 0 15936 15937 15936 15937)
(inline-math 0 15969 15970 15969 15970)
(inline-math 0 15971 15972 15971 15972)
(inline-math 0 15977 15978 15977 15978)
(inline-math 0 15982 15983 15982 15983)
(inline-math 0 16014 16015 16014 16015)
(inline-math 0 16016 16017 16016 16017)
(inline-math 0 16022 16023 16022 16023)
(inline-math 0 16027 16028 16027 16028)
(environment 3 16030 16045 16030 16045)
(brace 4 16030 16035 16030 16035)
(brace 9 16043 16045 16044 16045)
(environment 3 16047 16056 16047 16056)
(brace 4 16047 16052 16047 16052)
(brace 9 16054 16056 16055 16056)
(environment 3 16059 16073 16059 16073)
(brace 4 16059 16064 16059 16064)
(brace 9 16071 16073 16072 16073)
(comment 0 16074 16075 16074 16075)
(comment 0 16075 16076 16075 16076)
(comment 0 16076 16077 16076 16077)
(comment 0 16095 16096 16095 16096)
(comment 0 16096 16097 16096 16097)
(comment 0 16097 16098 16097 16098)
(comment 0 16111 16112 16111 16112)
(comment 0 16112 16113 16112 16113)
(comment 0 16113 16114 16113 16114)
(comment 0 16129 16130 16129 16130)
(comment 0 16130 16131 16130 16131)
(comment 0 16131 16132 16131 16132)
