"14700cbf4a3386080f3bac4856d7f574"
"644187edc80741fc27bdfbe6dff2bd0d"
(preamble 0 1 30 1 30)
(0 0 1 30 22 29)
(brace 6 1 22 1 22)
(brace 9 28 30 29 30)
(1 0 31 59 53 58)
(comment 0 31 32 31 32)
(brace 8 51 53 52 53)
(brace 9 57 59 58 59)
(1 0 60 84 76 83)
(brace 8 74 76 75 76)
(brace 9 82 84 83 84)
(1 0 89 119 110 118)
(comment 0 89 90 89 90)
(brace 8 108 110 109 110)
(brace 9 117 119 118 119)
(1 0 120 157 132 156)
(brace 0 120 132 120 132)
(brace 9 155 157 156 157)
(comment 0 158 159 158 159)
(1 0 191 212 203 211)
(brace 0 191 203 191 203)
(brace 9 210 212 211 212)
(comment 0 226 227 226 227)
(1 0 257 285 276 284)
(brace 8 274 276 275 276)
(brace 9 283 285 284 285)
(comment 0 296 297 296 297)
(1 0 330 349 342 348)
(brace 0 330 342 330 342)
(brace 9 347 349 348 349)
(comment 0 370 371 370 371)
(1 0 402 422 414 421)
(brace 0 402 414 402 414)
(brace 9 420 422 421 422)
(comment 0 426 427 426 427)
(1 0 461 482 473 481)
(brace 0 461 473 461 473)
(brace 9 480 482 481 482)
(comment 0 485 486 485 486)
(1 0 516 536 528 535)
(brace 0 516 528 516 528)
(brace 9 534 536 535 536)
(comment 0 556 557 556 557)
(1 0 590 610 602 609)
(brace 0 590 602 590 602)
(brace 9 608 610 609 610)
(1 0 611 632 623 631)
(brace 0 611 623 611 623)
(brace 9 630 632 631 632)
(1 0 633 653 645 652)
(brace 0 633 645 633 645)
(brace 9 651 653 652 653)
(1 0 654 675 666 674)
(brace 0 654 666 654 666)
(brace 9 673 675 674 675)
(comment 0 677 678 677 678)
(brace 8 712 714 713 714)
(brace 9 715 717 716 717)
(brace 8 730 732 731 732)
(brace 9 735 737 736 737)
(brace 8 736 738 737 738)
(brace 9 741 743 742 743)
(brace 8 742 744 743 744)
(brace 9 747 749 748 749)
(brace 8 748 750 749 750)
(brace 9 753 755 754 755)
(brace 8 754 756 755 756)
(brace 9 759 761 760 761)
(brace 8 760 762 761 762)
(brace 9 764 766 765 766)
(brace 8 765 767 766 767)
(brace 9 769 771 770 771)
(brace 8 770 772 771 772)
(brace 9 775 777 776 777)
(comment 0 779 780 779 780)
(brace 8 807 809 808 809)
(brace 9 820 822 821 822)
(brace 8 832 834 833 834)
(brace 9 844 846 845 846)
(brace 8 856 858 857 858)
(brace 9 869 871 870 871)
(brace 8 881 883 882 883)
(brace 9 895 897 896 897)
(newcommand 0 898 928 910 927)
(brace 8 908 910 909 910)
(brace 9 926 928 927 928)
(brace 8 933 935 934 935)
(comment 0 935 936 935 936)
(brace 8 955 957 956 957)
(brace 9 967 969 968 969)
(brace 8 968 970 969 970)
(brace 9 971 973 972 973)
(comment 0 973 974 973 974)
(brace 8 993 995 994 995)
(brace 9 1006 1008 1007 1008)
(brace 8 1007 1009 1008 1009)
(brace 9 1010 1012 1011 1012)
(comment 0 1012 1013 1012 1013)
(brace 8 1032 1034 1033 1034)
(brace 9 1045 1047 1046 1047)
(brace 8 1046 1048 1047 1048)
(brace 9 1049 1051 1050 1051)
(comment 0 1051 1052 1051 1052)
(brace 8 1071 1073 1072 1073)
(brace 8 1078 1080 1079 1080)
(brace 9 1091 1093 1092 1093)
(brace 9 1096 1098 1097 1098)
(brace 8 1114 1116 1115 1116)
(brace 8 1125 1127 1126 1127)
(brace 9 1139 1141 1140 1141)
(brace 8 1140 1142 1141 1142)
(brace 9 1144 1146 1145 1146)
(brace 9 1145 1147 1146 1147)
(brace 8 1146 1148 1147 1148)
(brace 9 1147 1149 1148 1149)
(comment 0 1149 1150 1149 1150)
(brace 8 1169 1171 1170 1171)
(brace 8 1176 1178 1177 1178)
(brace 9 1189 1191 1190 1191)
(brace 9 1194 1196 1195 1196)
(brace 8 1212 1214 1213 1214)
(brace 8 1223 1225 1224 1225)
(brace 9 1237 1239 1238 1239)
(brace 8 1238 1240 1239 1240)
(brace 9 1255 1257 1256 1257)
(brace 9 1256 1258 1257 1258)
(brace 8 1257 1259 1258 1259)
(brace 9 1258 1260 1259 1260)
(comment 0 1260 1261 1260 1261)
(brace 8 1280 1282 1281 1282)
(brace 8 1287 1289 1288 1289)
(brace 9 1300 1302 1301 1302)
(brace 9 1305 1307 1306 1307)
(brace 8 1323 1325 1324 1325)
(brace 8 1334 1336 1335 1336)
(brace 9 1348 1350 1349 1350)
(brace 8 1349 1351 1350 1351)
(brace 9 1364 1366 1365 1366)
(brace 9 1365 1367 1366 1367)
(brace 8 1366 1368 1367 1368)
(brace 9 1367 1369 1368 1369)
(comment 0 1369 1370 1369 1370)
(brace 8 1389 1391 1390 1391)
(brace 8 1396 1398 1397 1398)
(brace 9 1409 1411 1410 1411)
(brace 9 1414 1416 1415 1416)
(brace 8 1432 1434 1433 1434)
(brace 8 1443 1445 1444 1445)
(brace 9 1457 1459 1458 1459)
(brace 8 1458 1460 1459 1460)
(brace 9 1473 1475 1474 1475)
(brace 9 1474 1476 1475 1476)
(brace 8 1475 1477 1476 1477)
(brace 9 1476 1478 1477 1478)
(comment 0 1478 1479 1478 1479)
(brace 8 1498 1500 1499 1500)
(brace 8 1505 1507 1506 1507)
(brace 9 1518 1520 1519 1520)
(brace 9 1523 1525 1524 1525)
(brace 8 1541 1543 1542 1543)
(brace 8 1552 1554 1553 1554)
(brace 9 1566 1568 1567 1568)
(brace 8 1567 1569 1568 1569)
(brace 9 1571 1573 1572 1573)
(brace 9 1572 1574 1573 1574)
(brace 8 1573 1575 1574 1575)
(brace 9 1574 1576 1575 1576)
(comment 0 1576 1577 1576 1577)
(comment 0 1594 1595 1594 1595)
(comment 0 1663 1664 1663 1664)
(comment 0 1722 1723 1722 1723)
(comment 0 1801 1802 1801 1802)
(comment 0 1819 1820 1819 1820)
(comment 0 1856 1857 1856 1857)
(comment 0 1874 1875 1874 1875)
(comment 0 1953 1954 1953 1954)
(brace 8 1979 1981 1980 1981)
(brace 9 1980 1982 1981 1982)
(comment 0 2003 2004 2003 2004)
(comment 0 2021 2022 2021 2022)
(comment 0 2090 2091 2090 2091)
(comment 0 2132 2133 2132 2133)
(brace 9 2137 2139 2138 2139)
(newcommand 0 2140 2161 2152 2160)
(brace 8 2150 2152 2151 2152)
(brace 9 2159 2161 2160 2161)
(brace 8 2166 2168 2167 2168)
(brace 8 2188 2190 2189 2190)
(brace 9 2189 2191 2190 2191)
(brace 8 2190 2192 2191 2192)
(brace 9 2193 2195 2194 2195)
(brace 8 2194 2196 2195 2196)
(brace 9 2195 2197 2196 2197)
(brace 9 2196 2198 2197 2198)
(newcommand 0 2199 2224 2211 2223)
(brace 8 2209 2211 2210 2211)
(brace 9 2222 2224 2223 2224)
(brace 8 2229 2231 2230 2231)
(brace 8 2251 2253 2252 2253)
(brace 9 2254 2256 2255 2256)
(brace 8 2255 2257 2256 2257)
(brace 9 2258 2260 2259 2260)
(brace 8 2259 2261 2260 2261)
(brace 9 2260 2262 2261 2262)
(brace 9 2261 2263 2262 2263)
(newcommand 0 2264 2290 2276 2289)
(brace 8 2274 2276 2275 2276)
(brace 9 2288 2290 2289 2290)
(brace 8 2295 2297 2296 2297)
(brace 8 2317 2319 2318 2319)
(brace 9 2318 2320 2319 2320)
(brace 8 2319 2321 2320 2321)
(brace 9 2322 2324 2323 2324)
(brace 8 2323 2325 2324 2325)
(brace 9 2326 2328 2327 2328)
(brace 9 2327 2329 2328 2329)
(newcommand 0 2330 2360 2342 2359)
(brace 8 2340 2342 2341 2342)
(brace 9 2358 2360 2359 2360)
(brace 8 2365 2367 2366 2367)
(brace 8 2387 2389 2388 2389)
(brace 9 2390 2392 2391 2392)
(brace 8 2391 2393 2392 2393)
(brace 8 2397 2399 2398 2399)
(brace 9 2400 2402 2401 2402)
(brace 9 2401 2403 2402 2403)
(brace 8 2402 2404 2403 2404)
(brace 9 2405 2407 2406 2407)
(brace 9 2406 2408 2407 2408)
(newcommand 0 2410 2430 2422 2429)
(brace 8 2420 2422 2421 2422)
(brace 9 2428 2430 2429 2430)
(brace 8 2432 2434 2433 2434)
(brace 8 2447 2449 2448 2449)
(brace 8 2455 2457 2456 2457)
(brace 9 2458 2460 2459 2460)
(brace 8 2459 2461 2460 2461)
(brace 9 2461 2463 2462 2463)
(brace 9 2463 2465 2464 2465)
(brace 8 2464 2466 2465 2466)
(brace 9 2466 2468 2467 2468)
(brace 8 2467 2469 2468 2469)
(brace 8 2482 2484 2483 2484)
(brace 8 2490 2492 2491 2492)
(brace 9 2493 2495 2494 2495)
(brace 8 2494 2496 2495 2496)
(brace 9 2496 2498 2497 2498)
(brace 9 2498 2500 2499 2500)
(brace 8 2499 2501 2500 2501)
(brace 9 2502 2504 2503 2504)
(brace 8 2503 2505 2504 2505)
(brace 8 2518 2520 2519 2520)
(brace 8 2526 2528 2527 2528)
(brace 9 2529 2531 2530 2531)
(brace 8 2530 2532 2531 2532)
(brace 9 2532 2534 2533 2534)
(brace 9 2534 2536 2535 2536)
(brace 8 2535 2537 2536 2537)
(brace 9 2539 2541 2540 2541)
(brace 8 2540 2542 2541 2542)
(brace 8 2555 2557 2556 2557)
(brace 8 2563 2565 2564 2565)
(brace 9 2566 2568 2567 2568)
(brace 8 2567 2569 2568 2569)
(brace 9 2569 2571 2570 2571)
(brace 9 2571 2573 2572 2573)
(brace 8 2572 2574 2573 2574)
(brace 9 2575 2577 2576 2577)
(brace 8 2576 2578 2577 2578)
(brace 8 2591 2593 2592 2593)
(brace 8 2599 2601 2600 2601)
(brace 9 2602 2604 2603 2604)
(brace 8 2603 2605 2604 2605)
(brace 9 2605 2607 2606 2607)
(brace 9 2607 2609 2608 2609)
(brace 8 2608 2610 2609 2610)
(brace 9 2610 2612 2611 2612)
(brace 8 2611 2613 2612 2613)
(brace 8 2626 2628 2627 2628)
(brace 8 2634 2636 2635 2636)
(brace 9 2637 2639 2638 2639)
(brace 8 2638 2640 2639 2640)
(brace 9 2640 2642 2641 2642)
(brace 9 2642 2644 2643 2644)
(brace 8 2643 2645 2644 2645)
(brace 9 2646 2648 2647 2648)
(brace 8 2647 2649 2648 2649)
(brace 8 2662 2664 2663 2664)
(brace 8 2670 2672 2671 2672)
(brace 9 2673 2675 2674 2675)
(brace 8 2674 2676 2675 2676)
(brace 9 2676 2678 2677 2678)
(brace 9 2678 2680 2679 2680)
(brace 8 2679 2681 2680 2681)
(brace 9 2683 2685 2684 2685)
(brace 8 2684 2686 2685 2686)
(brace 8 2699 2701 2700 2701)
(brace 8 2707 2709 2708 2709)
(brace 9 2710 2712 2711 2712)
(brace 8 2711 2713 2712 2713)
(brace 9 2713 2715 2714 2715)
(brace 9 2715 2717 2716 2717)
(brace 8 2716 2718 2717 2718)
(brace 9 2721 2723 2722 2723)
(brace 8 2722 2724 2723 2724)
(brace 8 2737 2739 2738 2739)
(brace 8 2745 2747 2746 2747)
(brace 9 2748 2750 2749 2750)
(brace 8 2749 2751 2750 2751)
(brace 9 2751 2753 2752 2753)
(brace 9 2753 2755 2754 2755)
(brace 8 2754 2756 2755 2756)
(brace 9 2757 2759 2758 2759)
(brace 8 2758 2760 2759 2760)
(brace 8 2773 2775 2774 2775)
(brace 8 2781 2783 2782 2783)
(brace 9 2784 2786 2785 2786)
(brace 8 2785 2787 2786 2787)
(brace 9 2788 2790 2789 2790)
(brace 9 2790 2792 2791 2792)
(brace 8 2791 2793 2792 2793)
(brace 9 2793 2795 2794 2795)
(brace 8 2794 2796 2795 2796)
(brace 8 2809 2811 2810 2811)
(brace 8 2817 2819 2818 2819)
(brace 9 2820 2822 2821 2822)
(brace 8 2821 2823 2822 2823)
(brace 9 2824 2826 2825 2826)
(brace 9 2826 2828 2827 2828)
(brace 8 2827 2829 2828 2829)
(brace 9 2830 2832 2831 2832)
(brace 8 2831 2833 2832 2833)
(brace 8 2846 2848 2847 2848)
(brace 8 2854 2856 2855 2856)
(brace 9 2857 2859 2858 2859)
(brace 8 2858 2860 2859 2860)
(brace 9 2861 2863 2862 2863)
(brace 9 2863 2865 2864 2865)
(brace 8 2864 2866 2865 2866)
(brace 9 2868 2870 2869 2870)
(brace 8 2869 2871 2870 2871)
(brace 8 2884 2886 2885 2886)
(brace 8 2892 2894 2893 2894)
(brace 9 2895 2897 2896 2897)
(brace 8 2896 2898 2897 2898)
(brace 9 2899 2901 2900 2901)
(brace 9 2901 2903 2902 2903)
(brace 8 2902 2904 2903 2904)
(brace 9 2907 2909 2908 2909)
(brace 8 2908 2910 2909 2910)
(brace 8 2923 2925 2924 2925)
(brace 8 2931 2933 2932 2933)
(brace 9 2934 2936 2935 2936)
(brace 8 2935 2937 2936 2937)
(brace 9 2938 2940 2939 2940)
(brace 9 2940 2942 2941 2942)
(brace 8 2941 2943 2942 2943)
(brace 9 2945 2947 2946 2947)
(brace 8 2946 2948 2947 2948)
(brace 8 2961 2963 2962 2963)
(brace 8 2969 2971 2970 2971)
(brace 9 2972 2974 2973 2974)
(brace 8 2973 2975 2974 2975)
(brace 9 2976 2978 2977 2978)
(brace 9 2978 2980 2979 2980)
(brace 8 2979 2981 2980 2981)
(brace 9 2982 2984 2983 2984)
(brace 8 2983 2985 2984 2985)
(brace 8 2998 3000 2999 3000)
(brace 8 3006 3008 3007 3008)
(brace 9 3009 3011 3010 3011)
(brace 8 3010 3012 3011 3012)
(brace 9 3013 3015 3014 3015)
(brace 9 3015 3017 3016 3017)
(brace 8 3016 3018 3017 3018)
(brace 9 3020 3022 3021 3022)
(brace 8 3021 3023 3022 3023)
(brace 8 3036 3038 3037 3038)
(brace 8 3044 3046 3045 3046)
(brace 9 3047 3049 3048 3049)
(brace 8 3048 3050 3049 3050)
(brace 9 3051 3053 3052 3053)
(brace 9 3053 3055 3054 3055)
(brace 8 3054 3056 3055 3056)
(brace 9 3059 3061 3060 3061)
(brace 8 3060 3062 3061 3062)
(brace 8 3075 3077 3076 3077)
(brace 8 3083 3085 3084 3085)
(brace 9 3086 3088 3087 3088)
(brace 8 3087 3089 3088 3089)
(brace 9 3090 3092 3091 3092)
(brace 9 3092 3094 3093 3094)
(brace 8 3093 3095 3094 3095)
(brace 9 3099 3101 3100 3101)
(brace 8 3100 3102 3101 3102)
(brace 9 3141 3143 3142 3143)
(brace 9 3143 3145 3144 3145)
(brace 9 3145 3147 3146 3147)
(brace 9 3147 3149 3148 3149)
(brace 9 3149 3151 3150 3151)
(brace 9 3151 3153 3152 3153)
(brace 9 3153 3155 3154 3155)
(brace 9 3155 3157 3156 3157)
(brace 9 3157 3159 3158 3159)
(brace 9 3159 3161 3160 3161)
(brace 9 3161 3163 3162 3163)
(brace 9 3163 3165 3164 3165)
(brace 9 3165 3167 3166 3167)
(brace 9 3167 3169 3168 3169)
(brace 9 3169 3171 3170 3171)
(brace 9 3171 3173 3172 3173)
(brace 9 3173 3175 3174 3175)
(brace 9 3175 3177 3176 3177)
(brace 9 3178 3179 3178 3179)
(brace 8 3191 3193 3192 3193)
(brace 9 3201 3203 3202 3203)
(newenvironment 0 3204 3223 3220 3222)
(brace 8 3218 3220 3219 3220)
(brace 9 3221 3223 3222 3223)
(brace 8 3225 3227 3226 3227)
(environment 2 3229 3241 3229 3241)
(brace 3 3229 3236 3229 3236)
(brace 9 3239 3241 3240 3241)
(brace 8 3240 3242 3241 3242)
(inline-math 0 3243 3244 3243 3244)
(brace 8 3250 3252 3251 3252)
(brace 9 3264 3266 3265 3266)
(inline-math 0 3266 3267 3266 3267)
(brace 9 3267 3269 3268 3269)
(brace 8 3268 3270 3269 3270)
(brace 8 3283 3285 3284 3285)
(brace 9 3293 3295 3294 3295)
(brace 8 3394 3396 3395 3396)
(brace 9 3406 3408 3407 3408)
(brace 8 3407 3409 3408 3409)
(brace 9 3412 3414 3413 3414)
(comment 0 3443 3444 3443 3444)
(brace 8 3455 3457 3456 3457)
(brace 9 3467 3469 3468 3469)
(brace 8 3468 3470 3469 3470)
(brace 9 3478 3480 3479 3480)
(brace 9 3481 3483 3482 3483)
(brace 8 3482 3484 3483 3484)
(environment 3 3483 3494 3483 3494)
(brace 4 3483 3489 3484 3489)
(brace 9 3492 3494 3493 3494)
(brace 9 3495 3496 3495 3496)
(comment 0 3499 3500 3499 3500)
(newcommand 0 3542 3559 3554 3558)
(brace 8 3552 3554 3553 3554)
(brace 9 3557 3559 3558 3559)
(brace 8 3558 3560 3559 3560)
(brace 8 3568 3570 3569 3570)
(brace 9 3570 3572 3571 3572)
(brace 9 3571 3573 3572 3573)
(newcommand 0 3574 3591 3586 3590)
(brace 8 3584 3586 3585 3586)
(brace 9 3589 3591 3590 3591)
(brace 8 3590 3592 3591 3592)
(brace 8 3600 3602 3601 3602)
(brace 9 3602 3604 3603 3604)
(brace 9 3603 3605 3604 3605)
(newcommand 0 3606 3622 3618 3621)
(brace 8 3616 3618 3617 3618)
(brace 9 3620 3622 3621 3622)
(brace 8 3621 3623 3622 3623)
(brace 8 3629 3631 3630 3631)
(brace 9 3631 3633 3632 3633)
(brace 9 3632 3634 3633 3634)
(newcommand 0 3635 3651 3647 3650)
(brace 8 3645 3647 3646 3647)
(brace 9 3649 3651 3650 3651)
(brace 8 3650 3652 3651 3652)
(brace 8 3658 3660 3659 3660)
(brace 9 3660 3662 3661 3662)
(brace 9 3661 3663 3662 3663)
(newcommand 0 3664 3680 3676 3679)
(brace 8 3674 3676 3675 3676)
(brace 9 3678 3680 3679 3680)
(brace 8 3679 3681 3680 3681)
(brace 9 3686 3688 3687 3688)
(newcommand 0 3689 3706 3701 3705)
(brace 8 3699 3701 3700 3701)
(brace 9 3704 3706 3705 3706)
(brace 8 3708 3710 3709 3710)
(brace 8 3709 3711 3710 3711)
(brace 8 3721 3723 3722 3723)
(brace 8 3729 3731 3730 3731)
(brace 9 3732 3734 3733 3734)
(brace 9 3733 3735 3734 3735)
(brace 9 3734 3736 3735 3736)
(brace 9 3735 3737 3736 3737)
(newcommand 0 3738 3757 3750 3756)
(brace 8 3748 3750 3749 3750)
(brace 9 3755 3757 3756 3757)
(brace 8 3756 3758 3757 3758)
(brace 8 3769 3771 3770 3771)
(brace 9 3775 3777 3776 3777)
(brace 8 3776 3778 3777 3778)
(brace 9 3783 3785 3784 3785)
(brace 9 3784 3786 3785 3786)
(newcommand 0 3787 3810 3799 3809)
(brace 8 3797 3799 3798 3799)
(brace 9 3808 3810 3809 3810)
(brace 8 3812 3814 3813 3814)
(brace 8 3824 3826 3825 3826)
(brace 9 3842 3844 3843 3844)
(brace 9 3843 3845 3844 3845)
(newcommand 0 3846 3863 3858 3862)
(brace 8 3856 3858 3857 3858)
(brace 9 3861 3863 3862 3863)
(brace 8 3865 3867 3866 3867)
(brace 8 3877 3879 3878 3879)
(brace 8 3888 3890 3889 3890)
(brace 9 3891 3893 3892 3893)
(brace 9 3892 3894 3893 3894)
(brace 9 3893 3895 3894 3895)
(comment 0 3902 3903 3902 3903)
(newcommand 0 3913 3929 3925 3928)
(brace 8 3923 3925 3924 3925)
(brace 9 3927 3929 3928 3929)
(brace 8 3928 3930 3929 3930)
(brace 9 3942 3944 3943 3944)
(newcommand 0 3947 3965 3960 3964)
(brace 8 3958 3960 3959 3960)
(brace 9 3963 3965 3964 3965)
(brace 8 3964 3966 3965 3966)
(brace 8 3979 3981 3980 3981)
(brace 9 3980 3982 3981 3982)
(brace 8 3990 3992 3991 3992)
(brace 9 3991 3993 3992 3993)
(brace 8 3999 4001 4000 4001)
(brace 9 4001 4003 4002 4003)
(brace 9 4006 4008 4007 4008)
(comment 0 4010 4011 4010 4011)
(brace 8 4075 4077 4076 4077)
(brace 9 4086 4088 4087 4088)
(comment 0 4088 4089 4088 4089)
(brace 8 4097 4099 4098 4099)
(brace 8 4122 4124 4123 4124)
(brace 9 4131 4133 4132 4133)
(brace 9 4132 4134 4133 4134)
(brace 8 4147 4149 4148 4149)
(brace 9 4157 4159 4158 4159)
(brace 8 4158 4160 4159 4160)
(brace 9 4169 4171 4170 4171)
(comment 0 4187 4188 4187 4188)
(comment 0 4188 4189 4188 4189)
(comment 0 4189 4190 4189 4190)
(comment 0 4190 4191 4190 4191)
(comment 0 4191 4192 4191 4192)
(newcommand 0 4213 4234 4225 4233)
(brace 8 4223 4225 4224 4225)
(brace 9 4232 4234 4233 4234)
(brace 8 4233 4235 4234 4235)
(brace 9 4246 4248 4247 4248)
(brace 8 4259 4261 4260 4261)
(brace 9 4264 4266 4265 4266)
(brace 8 4279 4281 4280 4281)
(brace 9 4288 4290 4289 4290)
(brace 8 4289 4291 4290 4291)
(brace 8 4297 4299 4298 4299)
(brace 9 4302 4304 4303 4304)
(brace 9 4303 4305 4304 4305)
(newenvironment 0 4307 4327 4323 4326)
(brace 8 4321 4323 4322 4323)
(brace 9 4325 4327 4326 4327)
(brace 8 4337 4338 4337 4338)
(brace 8 4355 4357 4356 4357)
(brace 9 4360 4362 4361 4362)
(brace 8 4375 4377 4376 4377)
(brace 8 4383 4385 4384 4385)
(brace 9 4386 4388 4387 4388)
(brace 8 4387 4389 4388 4389)
(brace 9 4392 4394 4393 4394)
(brace 9 4394 4396 4395 4396)
(brace 8 4395 4397 4396 4397)
(brace 8 4410 4412 4411 4412)
(brace 9 4437 4439 4438 4439)
(brace 9 4441 4443 4442 4443)
(brace 8 4442 4444 4443 4444)
(brace 8 4457 4459 4458 4459)
(brace 8 4484 4486 4485 4486)
(brace 9 4485 4487 4486 4487)
(brace 9 4499 4501 4500 4501)
(brace 9 4503 4505 4504 4505)
(comment 0 4506 4507 4506 4507)
(comment 0 4516 4517 4516 4517)
(brace 9 4525 4526 4525 4526)
(brace 9 4527 4529 4528 4529)
(brace 8 4527 4528 4527 4528)
(brace 8 4541 4543 4542 4543)
(brace 9 4552 4554 4553 4554)
(newenvironment 0 4555 4581 4571 4580)
(brace 8 4569 4571 4570 4571)
(brace 9 4579 4581 4580 4581)
(brace 8 4580 4582 4581 4582)
(environment 2 4583 4595 4583 4595)
(brace 3 4583 4590 4583 4590)
(brace 9 4593 4595 4594 4595)
(brace 8 4594 4596 4595 4596)
(brace 8 4595 4597 4596 4597)
(brace 8 4609 4611 4610 4611)
(brace 9 4620 4622 4621 4622)
(brace 9 4622 4624 4623 4624)
(brace 9 4623 4625 4624 4625)
(brace 8 4624 4626 4625 4626)
(brace 8 4639 4641 4640 4641)
(brace 9 4650 4652 4651 4652)
(brace 8 4733 4735 4734 4735)
(brace 9 4745 4747 4746 4747)
(brace 8 4746 4748 4747 4748)
(brace 8 4747 4749 4748 4749)
(brace 9 4759 4761 4760 4761)
(brace 9 4760 4762 4761 4762)
(brace 8 4818 4820 4819 4820)
(brace 9 4830 4832 4831 4832)
(brace 8 4831 4833 4832 4833)
(brace 9 4841 4843 4842 4843)
(brace 9 4844 4846 4845 4846)
(brace 8 4845 4847 4846 4847)
(environment 3 4846 4857 4846 4857)
(brace 4 4846 4852 4847 4852)
(brace 9 4855 4857 4856 4857)
(brace 9 4857 4859 4858 4859)
(newcommand 0 4861 4883 4873 4882)
(brace 8 4871 4873 4872 4873)
(brace 9 4881 4883 4882 4883)
(brace 8 4885 4887 4886 4887)
(brace 9 4886 4888 4887 4888)
(comment 0 4890 4891 4890 4891)
(comment 0 4891 4892 4891 4892)
(comment 0 4892 4893 4892 4893)
(comment 0 4893 4894 4893 4894)
(comment 0 4894 4895 4894 4895)
(comment 0 4895 4896 4895 4896)
(comment 0 4896 4897 4896 4897)
(comment 0 4897 4898 4897 4898)
(comment 0 4898 4899 4898 4899)
(comment 0 4899 4900 4899 4900)
(comment 0 4900 4901 4900 4901)
(comment 0 4901 4902 4901 4902)
(comment 0 4902 4903 4902 4903)
(comment 0 4903 4904 4903 4904)
(comment 0 4904 4905 4904 4905)
(comment 0 4905 4906 4905 4906)
(comment 0 4906 4907 4906 4907)
(comment 0 4907 4908 4907 4908)
(comment 0 4908 4909 4908 4909)
(comment 0 4909 4910 4909 4910)
(comment 0 4910 4911 4910 4911)
(comment 0 4911 4912 4911 4912)
(comment 0 4912 4913 4912 4913)
(comment 0 4913 4914 4913 4914)
(comment 0 4914 4915 4914 4915)
(comment 0 4915 4916 4915 4916)
(comment 0 4916 4917 4916 4917)
(comment 0 4917 4918 4917 4918)
(comment 0 4918 4919 4918 4919)
(comment 0 4919 4920 4919 4920)
(comment 0 4920 4921 4920 4921)
(comment 0 4921 4922 4921 4922)
(comment 0 4922 4923 4922 4923)
(comment 0 4923 4924 4923 4924)
(comment 0 4924 4925 4924 4925)
(comment 0 4925 4926 4925 4926)
(comment 0 4926 4927 4926 4927)
(comment 0 4927 4928 4927 4928)
(comment 0 4928 4929 4928 4929)
(comment 0 4929 4930 4929 4930)
(comment 0 4930 4931 4930 4931)
(newcommand 0 4932 4960 4944 4959)
(brace 8 4942 4944 4943 4944)
(brace 9 4958 4960 4959 4960)
(brace 8 4959 4961 4960 4961)
(brace 8 4967 4969 4968 4969)
(brace 9 4971 4973 4972 4973)
(brace 9 4972 4974 4973 4974)
(newcommand 0 4975 5002 4987 5001)
(brace 8 4985 4987 4986 4987)
(brace 9 5000 5002 5001 5002)
(brace 8 5001 5003 5002 5003)
(brace 8 5009 5011 5010 5011)
(brace 9 5013 5015 5014 5015)
(brace 9 5014 5016 5015 5016)
(newcommand 0 5017 5039 5029 5038)
(brace 8 5027 5029 5028 5029)
(brace 9 5037 5039 5038 5039)
(brace 8 5038 5040 5039 5040)
(brace 9 5039 5041 5040 5041)
(newcommand 0 5044 5075 5056 5074)
(brace 8 5054 5056 5055 5056)
(brace 9 5073 5075 5074 5075)
(comment 0 5080 5081 5080 5081)
(brace 8 5131 5132 5131 5132)
(brace 8 5145 5147 5146 5147)
(brace 8 5153 5155 5154 5155)
(brace 9 5156 5158 5157 5158)
(brace 8 5157 5159 5158 5159)
(brace 9 5162 5164 5163 5164)
(brace 9 5164 5166 5165 5166)
(brace 8 5165 5167 5166 5167)
(brace 8 5197 5199 5198 5199)
(brace 9 5210 5212 5211 5212)
(brace 9 5214 5216 5215 5216)
(brace 8 5215 5217 5216 5217)
(brace 8 5247 5249 5248 5249)
(brace 9 5273 5275 5274 5275)
(brace 9 5277 5279 5278 5279)
(brace 9 5280 5281 5280 5281)
(comment 0 5283 5284 5283 5284)
(comment 0 5319 5320 5319 5320)
(comment 0 5328 5329 5328 5329)
(newenvironment 0 5364 5387 5380 5386)
(brace 8 5378 5380 5379 5380)
(brace 9 5385 5387 5386 5387)
(brace 8 5397 5398 5397 5398)
(brace 8 5416 5418 5417 5418)
(brace 9 5423 5425 5424 5425)
(brace 8 5424 5426 5425 5426)
(brace 9 5427 5429 5428 5429)
(brace 9 5429 5431 5430 5431)
(brace 8 5432 5433 5432 5433)
(brace 9 5455 5457 5456 5457)
(newcommand 0 5460 5482 5472 5481)
(brace 8 5470 5472 5471 5472)
(brace 9 5480 5482 5481 5482)
(brace 8 5484 5486 5485 5486)
(comment 0 5486 5487 5486 5487)
(brace 8 5506 5508 5507 5508)
(environment 2 5554 5568 5554 5568)
(brace 3 5554 5562 5555 5562)
(brace 9 5566 5568 5567 5568)
(brace 8 5567 5569 5568 5569)
(brace 8 5570 5572 5571 5572)
(brace 9 5573 5575 5574 5575)
(brace 8 5576 5578 5577 5578)
(brace 9 5579 5581 5580 5581)
(brace 9 5581 5583 5582 5583)
(environment 3 5670 5682 5670 5682)
(brace 4 5670 5676 5671 5676)
(brace 9 5680 5682 5681 5682)
(brace 9 5707 5709 5708 5709)
(brace 9 5708 5710 5709 5710)
(newcommand 0 5711 5727 5723 5726)
(brace 8 5721 5723 5722 5723)
(brace 9 5725 5727 5726 5727)
(brace 8 5726 5728 5727 5728)
(brace 9 5734 5736 5735 5736)
(newcommand 0 5737 5755 5749 5754)
(brace 8 5747 5749 5748 5749)
(brace 9 5753 5755 5754 5755)
(brace 8 5757 5759 5758 5759)
(brace 8 5766 5768 5767 5768)
(brace 9 5768 5770 5769 5770)
(brace 8 5770 5772 5771 5772)
(brace 9 5773 5775 5774 5775)
(brace 9 5774 5776 5775 5776)
(newcommand 0 5777 5793 5789 5792)
(brace 8 5787 5789 5788 5789)
(brace 9 5791 5793 5792 5793)
(brace 8 5792 5794 5793 5794)
(brace 8 5800 5802 5801 5802)
(brace 9 5802 5804 5803 5804)
(brace 9 5803 5805 5804 5805)
(newcommand 0 5806 5822 5818 5821)
(brace 8 5816 5818 5817 5818)
(brace 9 5820 5822 5821 5822)
(brace 8 5821 5823 5822 5823)
(brace 8 5829 5831 5830 5831)
(brace 9 5831 5833 5832 5833)
(brace 9 5832 5834 5833 5834)
(newcommand 0 5835 5851 5847 5850)
(brace 8 5845 5847 5846 5847)
(brace 9 5849 5851 5850 5851)
(brace 8 5850 5852 5851 5852)
(brace 8 5858 5860 5859 5860)
(brace 9 5860 5862 5861 5862)
(brace 9 5861 5863 5862 5863)
(newenvironment 0 5865 5886 5881 5885)
(brace 8 5879 5881 5880 5881)
(brace 9 5884 5886 5885 5886)
(comment 0 5892 5893 5892 5893)
(brace 8 5897 5899 5898 5899)
(brace 8 5909 5911 5910 5911)
(environment 2 5934 5948 5934 5948)
(brace 3 5934 5942 5935 5942)
(brace 9 5946 5948 5947 5948)
(brace 8 5947 5949 5948 5949)
(brace 8 5951 5953 5952 5953)
(brace 9 5957 5959 5958 5959)
(brace 9 5959 5961 5960 5961)
(brace 9 5960 5962 5961 5962)
(brace 9 5961 5963 5962 5963)
(comment 0 5963 5964 5963 5964)
(brace 8 5968 5970 5969 5970)
(environment 3 5969 5981 5969 5981)
(brace 4 5969 5975 5970 5975)
(brace 9 5979 5981 5980 5981)
(brace 9 5987 5989 5988 5989)
(newcommand 0 5991 6006 6003 6005)
(brace 8 6001 6003 6002 6003)
(brace 9 6004 6006 6005 6006)
(brace 8 6008 6010 6009 6010)
(brace 8 6009 6011 6010 6011)
(brace 8 6021 6023 6022 6023)
(comment 0 6034 6035 6034 6035)
(brace 8 6039 6041 6040 6041)
(brace 8 6046 6048 6047 6048)
(brace 9 6049 6051 6050 6051)
(brace 8 6050 6052 6051 6052)
(brace 9 6053 6055 6054 6055)
(brace 9 6054 6056 6055 6056)
(brace 8 6064 6066 6065 6066)
(brace 8 6071 6073 6072 6073)
(brace 9 6074 6076 6075 6076)
(brace 8 6075 6077 6076 6077)
(brace 9 6078 6080 6079 6080)
(brace 9 6079 6081 6080 6081)
(brace 8 6085 6087 6086 6087)
(brace 8 6091 6093 6092 6093)
(brace 9 6094 6096 6095 6096)
(brace 8 6095 6097 6096 6097)
(brace 9 6098 6100 6099 6100)
(brace 9 6099 6101 6100 6101)
(brace 8 6105 6107 6106 6107)
(brace 8 6111 6113 6112 6113)
(brace 9 6114 6116 6115 6116)
(brace 8 6115 6117 6116 6117)
(brace 9 6118 6120 6119 6120)
(brace 9 6119 6121 6120 6121)
(brace 9 6125 6127 6126 6127)
(brace 9 6126 6128 6127 6128)
(brace 9 6127 6129 6128 6129)
(brace 8 6142 6144 6143 6144)
(brace 9 6146 6148 6147 6148)
(brace 8 6147 6149 6148 6149)
(brace 9 6157 6159 6158 6159)
(newcommand 0 6160 6176 6172 6175)
(brace 8 6170 6172 6171 6172)
(brace 9 6174 6176 6175 6176)
(brace 8 6175 6177 6176 6177)
(brace 9 6187 6189 6188 6189)
(newcommand 0 6190 6212 6202 6211)
(brace 8 6200 6202 6201 6202)
(brace 9 6210 6212 6211 6212)
(brace 8 6214 6216 6215 6216)
(brace 8 6215 6217 6216 6217)
(brace 9 6231 6233 6232 6233)
(brace 9 6232 6234 6233 6234)
(newcommand 0 6235 6253 6247 6252)
(brace 8 6245 6247 6246 6247)
(brace 9 6251 6253 6252 6253)
(brace 8 6255 6257 6256 6257)
(brace 8 6267 6269 6268 6269)
(brace 9 6292 6294 6293 6294)
(brace 9 6293 6295 6294 6295)
(newcommand 0 6296 6314 6308 6313)
(brace 8 6306 6308 6307 6308)
(brace 9 6312 6314 6313 6314)
(brace 8 6316 6318 6317 6318)
(brace 8 6328 6330 6329 6330)
(brace 8 6336 6338 6337 6338)
(brace 9 6340 6342 6341 6342)
(brace 8 6342 6344 6343 6344)
(brace 9 6345 6347 6346 6347)
(brace 8 6347 6349 6348 6349)
(brace 9 6350 6352 6351 6352)
(brace 9 6355 6357 6356 6357)
(brace 9 6356 6358 6357 6358)
(newcommand 0 6359 6376 6371 6375)
(brace 8 6369 6371 6370 6371)
(brace 9 6374 6376 6375 6376)
(brace 8 6378 6380 6379 6380)
(brace 8 6384 6386 6385 6386)
(brace 9 6387 6389 6388 6389)
(brace 8 6388 6390 6389 6390)
(brace 9 6389 6391 6390 6391)
(brace 8 6390 6392 6391 6392)
(brace 9 6393 6395 6394 6395)
(brace 9 6394 6396 6395 6396)
(newcommand 0 6397 6413 6409 6412)
(brace 8 6407 6409 6408 6409)
(brace 9 6411 6413 6412 6413)
(brace 8 6412 6414 6413 6414)
(brace 8 6424 6426 6425 6426)
(brace 8 6432 6434 6433 6434)
(brace 9 6435 6437 6436 6437)
(brace 9 6436 6438 6437 6438)
(brace 9 6437 6439 6438 6439)
(brace 8 6452 6454 6453 6454)
(brace 9 6455 6457 6456 6457)
(brace 8 6456 6458 6457 6458)
(brace 8 6468 6470 6469 6470)
(brace 8 6476 6478 6477 6478)
(brace 9 6478 6480 6479 6480)
(brace 9 6479 6481 6480 6481)
(brace 9 6480 6482 6481 6482)
(brace 8 6495 6497 6496 6497)
(brace 9 6500 6502 6501 6502)
(brace 8 6501 6503 6502 6503)
(brace 9 6511 6513 6512 6513)
(brace 8 6526 6528 6527 6528)
(brace 9 6531 6533 6532 6533)
(brace 8 6532 6534 6533 6534)
(brace 9 6542 6544 6543 6544)
(1 0 6547 6568 6559 6567)
(brace 0 6547 6559 6547 6559)
(brace 9 6566 6568 6567 6568)
(brace 8 6582 6584 6583 6584)
(brace 9 6590 6592 6591 6592)
(brace 8 6591 6593 6592 6593)
(brace 8 6603 6605 6604 6605)
(brace 9 6617 6619 6618 6619)
(brace 8 6618 6620 6619 6620)
(brace 8 6644 6646 6645 6646)
(brace 9 6649 6651 6650 6651)
(brace 9 6658 6660 6659 6660)
(brace 8 6659 6661 6660 6661)
(brace 8 6673 6675 6674 6675)
(brace 9 6678 6680 6679 6680)
(brace 8 6679 6681 6680 6681)
(brace 9 6682 6684 6683 6684)
(brace 8 6708 6710 6709 6710)
(brace 9 6713 6715 6714 6715)
(brace 9 6722 6724 6723 6724)
(brace 9 6723 6725 6724 6725)
(environment 2 6727 6743 6727 6743)
(preamble 1 6727 6743 6727 6743)
(brace 3 6727 6734 6727 6734)
(brace 9 6741 6743 6742 6743)
(comment 0 6747 6748 6747 6748)
(brace 8 6852 6854 6853 6854)
(brace 8 6853 6855 6854 6855)
(brace 9 6913 6915 6914 6915)
(brace 9 6914 6916 6915 6916)
(brace 8 6915 6917 6916 6917)
(brace 9 6916 6918 6917 6918)
(brace 8 6922 6924 6923 6924)
(brace 8 6923 6925 6924 6925)
(brace 9 6957 6959 6958 6959)
(brace 9 6958 6960 6959 6960)
(brace 8 6980 6982 6981 6982)
(brace 8 6981 6983 6982 6983)
(brace 9 7014 7016 7015 7016)
(brace 9 7015 7017 7016 7017)
(brace 8 7016 7018 7017 7018)
(brace 9 7017 7019 7018 7019)
(brace 8 7018 7020 7019 7020)
(brace 8 7019 7021 7020 7021)
(brace 9 7056 7058 7057 7058)
(brace 9 7057 7059 7058 7059)
(comment 0 7061 7062 7061 7062)
(comment 0 7157 7158 7157 7158)
(comment 0 7249 7250 7249 7250)
(environment 2 7343 7357 7343 7357)
(brace 3 7343 7350 7343 7350)
(brace 9 7355 7357 7356 7357)
(brace 8 7362 7364 7363 7364)
(brace 9 7388 7390 7389 7390)
(environment 3 7391 7403 7391 7403)
(brace 4 7391 7396 7391 7396)
(brace 9 7401 7403 7402 7403)
(environment 2 7407 7418 7407 7418)
(brace 3 7407 7414 7407 7414)
(brace 9 7416 7418 7417 7418)
(inline-math 0 7441 7442 7441 7442)
(brace 8 7449 7451 7450 7451)
(brace 9 7451 7453 7452 7453)
(brace 8 7453 7455 7454 7455)
(brace 9 7455 7457 7456 7457)
(inline-math 0 7457 7458 7457 7458)
(inline-math 0 7462 7463 7462 7463)
(brace 8 7470 7472 7471 7472)
(brace 9 7472 7474 7473 7474)
(brace 8 7474 7476 7475 7476)
(brace 9 7476 7478 7477 7478)
(inline-math 0 7478 7479 7478 7479)
(inline-math 0 7492 7493 7492 7493)
(brace 8 7496 7498 7497 7498)
(brace 9 7498 7500 7499 7500)
(inline-math 0 7500 7501 7500 7501)
(inline-math 0 7539 7540 7539 7540)
(inline-math 0 7550 7551 7550 7551)
(inline-math 0 7555 7556 7555 7556)
(inline-math 0 7566 7567 7566 7567)
(inline-math 0 7571 7572 7571 7572)
(inline-math 0 7573 7574 7573 7574)
(inline-math 0 7578 7579 7578 7579)
(inline-math 0 7580 7581 7580 7581)
(inline-math 0 7605 7606 7605 7606)
(brace 8 7609 7611 7610 7611)
(brace 9 7611 7613 7612 7613)
(inline-math 0 7628 7629 7628 7629)
(inline-math 0 7640 7641 7640 7641)
(brace 8 7642 7644 7643 7644)
(brace 9 7644 7646 7645 7646)
(inline-math 0 7646 7647 7646 7647)
(inline-math 0 7709 7710 7709 7710)
(brace 8 7719 7721 7720 7721)
(brace 9 7721 7723 7722 7723)
(inline-math 0 7723 7724 7723 7724)
(inline-math 0 7749 7750 7749 7750)
(brace 8 7764 7766 7765 7766)
(brace 9 7769 7771 7770 7771)
(brace 8 7800 7802 7801 7802)
(brace 9 7805 7807 7806 7807)
(inline-math 0 7821 7822 7821 7822)
(inline-math 0 7851 7852 7851 7852)
(inline-math 0 7853 7854 7853 7854)
(inline-math 0 8016 8017 8016 8017)
(brace 8 8031 8033 8032 8033)
(brace 9 8036 8038 8037 8038)
(brace 8 8067 8069 8068 8069)
(brace 9 8072 8074 8073 8074)
(inline-math 0 8085 8086 8085 8086)
(inline-math 0 8102 8103 8102 8103)
(brace 8 8117 8119 8118 8119)
(brace 9 8122 8124 8123 8124)
(inline-math 0 8138 8139 8138 8139)
(inline-math 0 8143 8144 8143 8144)
(brace 8 8158 8160 8159 8160)
(brace 9 8163 8165 8164 8165)
(inline-math 0 8178 8179 8178 8179)
(environment 3 8183 8192 8183 8192)
(brace 4 8183 8188 8183 8188)
(brace 9 8190 8192 8191 8192)
(brace 8 8200 8202 8201 8202)
(brace 9 8206 8208 8207 8208)
(environment 2 8210 8221 8210 8221)
(brace 3 8210 8217 8210 8217)
(brace 9 8219 8221 8220 8221)
(inline-math 0 8231 8232 8231 8232)
(inline-math 0 8233 8234 8233 8234)
(inline-math 0 8260 8261 8260 8261)
(inline-math 0 8266 8267 8266 8267)
(inline-math 0 8285 8286 8285 8286)
(inline-math 0 8300 8301 8300 8301)
(inline-math 0 8305 8306 8305 8306)
(inline-math 0 8323 8324 8323 8324)
(environment 0 8334 8351 8334 8351)
(brace 3 8334 8341 8334 8341)
(brace 9 8349 8351 8350 8351)
(environment 2 8368 8381 8368 8381)
(brace 3 8368 8375 8368 8375)
(brace 9 8379 8381 8380 8381)
(brace 8 8380 8382 8381 8382)
(brace 9 8384 8386 8385 8386)
(brace 8 8404 8406 8405 8406)
(brace 9 8406 8408 8407 8408)
(brace 8 8407 8409 8408 8409)
(brace 9 8409 8411 8410 8411)
(brace 8 8421 8423 8422 8423)
(brace 9 8423 8425 8424 8425)
(brace 8 8424 8426 8425 8426)
(brace 9 8426 8428 8427 8428)
(brace 8 8457 8459 8458 8459)
(brace 9 8459 8461 8460 8461)
(brace 8 8460 8462 8461 8462)
(brace 9 8462 8464 8463 8464)
(brace 8 8474 8476 8475 8476)
(brace 9 8476 8478 8477 8478)
(brace 8 8477 8479 8478 8479)
(brace 9 8479 8481 8480 8481)
(brace 8 8506 8508 8507 8508)
(brace 9 8508 8510 8509 8510)
(brace 8 8509 8511 8510 8511)
(brace 9 8511 8513 8512 8513)
(brace 8 8523 8525 8524 8525)
(brace 9 8525 8527 8526 8527)
(brace 8 8526 8528 8527 8528)
(brace 9 8528 8530 8529 8530)
(environment 3 8534 8545 8534 8545)
(brace 4 8534 8539 8534 8539)
(brace 9 8543 8545 8544 8545)
(environment 1 8555 8570 8555 8570)
(brace 4 8555 8560 8555 8560)
(brace 9 8568 8570 8569 8570)
(environment 3 8638 8647 8638 8647)
(brace 4 8638 8643 8638 8643)
(brace 9 8645 8647 8646 8647)
(brace 8 8655 8657 8656 8657)
(brace 9 8661 8663 8662 8663)
(environment 2 8664 8675 8664 8675)
(brace 3 8664 8671 8664 8671)
(brace 9 8673 8675 8674 8675)
(inline-math 0 8689 8690 8689 8690)
(inline-math 0 8774 8775 8774 8775)
(environment 3 8799 8808 8799 8808)
(brace 4 8799 8804 8799 8804)
(brace 9 8806 8808 8807 8808)
(brace 8 8817 8819 8818 8819)
(brace 9 8823 8825 8824 8825)
(environment 2 8827 8838 8827 8838)
(brace 3 8827 8834 8827 8834)
(brace 9 8836 8838 8837 8838)
(inline-math 0 8845 8846 8845 8846)
(inline-math 0 8854 8855 8854 8855)
(inline-math 0 8880 8881 8880 8881)
(inline-math 0 8891 8892 8891 8892)
(inline-math 0 8895 8896 8895 8896)
(brace 8 8900 8902 8901 8902)
(brace 9 8904 8906 8905 8906)
(inline-math 0 8906 8907 8906 8907)
(environment 2 8909 8926 8909 8926)
(brace 3 8909 8916 8909 8916)
(brace 9 8924 8926 8925 8926)
(inline-math 0 8956 8957 8956 8957)
(inline-math 0 8958 8959 8958 8959)
(inline-math 0 9017 9018 9017 9018)
(inline-math 0 9019 9020 9019 9020)
(inline-math 0 9043 9044 9043 9044)
(inline-math 0 9047 9048 9047 9048)
(inline-math 0 9098 9099 9098 9099)
(inline-math 0 9107 9108 9107 9108)
(inline-math 0 9125 9126 9125 9126)
(inline-math 0 9127 9128 9127 9128)
(environment 3 9157 9172 9157 9172)
(brace 4 9157 9162 9157 9162)
(brace 9 9170 9172 9171 9172)
(environment 3 9174 9183 9174 9183)
(brace 4 9174 9179 9174 9179)
(brace 9 9181 9183 9182 9183)
(brace 8 9192 9194 9193 9194)
(brace 9 9198 9200 9199 9200)
(environment 2 9201 9212 9201 9212)
(brace 3 9201 9208 9201 9208)
(brace 9 9210 9212 9211 9212)
(inline-math 0 9218 9219 9218 9219)
(inline-math 0 9220 9221 9220 9221)
(inline-math 0 9242 9243 9242 9243)
(brace 8 9246 9248 9247 9248)
(brace 9 9248 9250 9249 9250)
(inline-math 0 9250 9251 9250 9251)
(inline-math 0 9268 9269 9268 9269)
(inline-math 0 9270 9271 9270 9271)
(inline-math 0 9320 9321 9320 9321)
(inline-math 0 9322 9323 9322 9323)
(inline-math 0 9344 9345 9344 9345)
(inline-math 0 9351 9352 9351 9352)
(inline-math 0 9373 9374 9373 9374)
(inline-math 0 9375 9376 9375 9376)
(brace 8 9390 9392 9391 9392)
(brace 9 9404 9406 9405 9406)
(inline-math 0 9415 9416 9415 9416)
(inline-math 0 9417 9418 9417 9418)
(inline-math 0 9451 9452 9451 9452)
(brace 8 9455 9457 9456 9457)
(brace 9 9457 9459 9458 9459)
(inline-math 0 9459 9460 9459 9460)
(environment 2 9487 9504 9487 9504)
(brace 3 9487 9494 9487 9494)
(brace 9 9502 9504 9503 9504)
(brace 8 9539 9541 9540 9541)
(brace 9 9543 9545 9544 9545)
(brace 8 9597 9599 9598 9599)
(brace 9 9603 9605 9604 9605)
(brace 8 9619 9621 9620 9621)
(brace 9 9622 9624 9623 9624)
(environment 3 9625 9640 9625 9640)
(brace 4 9625 9630 9625 9630)
(brace 9 9638 9640 9639 9640)
(inline-math 0 9656 9657 9656 9657)
(brace 8 9658 9660 9659 9660)
(brace 9 9660 9662 9661 9662)
(inline-math 0 9662 9663 9662 9663)
(inline-math 0 9702 9703 9702 9703)
(inline-math 0 9713 9714 9713 9714)
(inline-math 0 9721 9722 9721 9722)
(inline-math 0 9723 9724 9723 9724)
(inline-math 0 9751 9752 9751 9752)
(brace 8 9753 9755 9754 9755)
(brace 9 9755 9757 9756 9757)
(inline-math 0 9757 9758 9757 9758)
(inline-math 0 9772 9773 9772 9773)
(brace 8 9776 9778 9777 9778)
(brace 9 9778 9780 9779 9780)
(brace 8 9791 9793 9792 9793)
(brace 9 9793 9795 9794 9795)
(inline-math 0 9795 9796 9795 9796)
(inline-math 0 9803 9804 9803 9804)
(brace 8 9807 9809 9808 9809)
(brace 9 9809 9811 9810 9811)
(inline-math 0 9811 9812 9811 9812)
(inline-math 0 9856 9857 9856 9857)
(brace 8 9858 9860 9859 9860)
(brace 9 9860 9862 9861 9862)
(inline-math 0 9863 9864 9863 9864)
(inline-math 0 9927 9928 9927 9928)
(brace 8 9929 9931 9930 9931)
(brace 9 9931 9933 9932 9933)
(inline-math 0 9938 9939 9938 9939)
(environment 2 10046 10063 10046 10063)
(brace 3 10046 10053 10046 10053)
(brace 9 10061 10063 10062 10063)
(inline-math 0 10070 10071 10070 10071)
(brace 8 10073 10075 10074 10075)
(brace 9 10075 10077 10076 10077)
(inline-math 0 10082 10083 10082 10083)
(inline-math 0 10091 10092 10091 10092)
(brace 8 10094 10096 10095 10096)
(brace 9 10096 10098 10097 10098)
(brace 8 10113 10115 10114 10115)
(brace 9 10115 10117 10116 10117)
(inline-math 0 10136 10137 10136 10137)
(inline-math 0 10145 10146 10145 10146)
(brace 8 10147 10149 10148 10149)
(brace 9 10149 10151 10150 10151)
(brace 8 10166 10168 10167 10168)
(brace 9 10168 10170 10169 10170)
(brace 8 10179 10181 10180 10181)
(brace 9 10181 10183 10182 10183)
(brace 8 10186 10188 10187 10188)
(brace 9 10188 10190 10189 10190)
(inline-math 0 10193 10194 10193 10194)
(brace 8 10205 10207 10206 10207)
(inline-math 0 10272 10273 10272 10273)
(brace 8 10283 10285 10284 10285)
(brace 9 10287 10289 10288 10289)
(brace 8 10289 10291 10290 10291)
(brace 9 10291 10293 10292 10293)
(brace 8 10295 10297 10296 10297)
(brace 9 10297 10299 10298 10299)
(brace 8 10299 10301 10300 10301)
(brace 9 10301 10303 10302 10303)
(brace 8 10310 10312 10311 10312)
(brace 9 10316 10318 10317 10318)
(brace 8 10318 10320 10319 10320)
(brace 9 10320 10322 10321 10322)
(brace 8 10324 10326 10325 10326)
(brace 9 10326 10328 10327 10328)
(brace 8 10328 10330 10329 10330)
(brace 9 10330 10332 10331 10332)
(inline-math 0 10332 10333 10332 10333)
(inline-math 0 10339 10340 10339 10340)
(inline-math 0 10357 10358 10357 10358)
(inline-math 0 10390 10391 10390 10391)
(brace 8 10398 10400 10399 10400)
(brace 9 10400 10402 10401 10402)
(inline-math 0 10407 10408 10407 10408)
(inline-math 0 10420 10421 10420 10421)
(brace 8 10438 10440 10439 10440)
(brace 9 10440 10442 10441 10442)
(inline-math 0 10442 10443 10442 10443)
(inline-math 0 10445 10446 10445 10446)
(inline-math 0 10456 10457 10456 10457)
(inline-math 0 10464 10465 10464 10465)
(inline-math 0 10468 10469 10468 10469)
(inline-math 0 10486 10487 10486 10487)
(brace 8 10488 10490 10489 10490)
(brace 9 10490 10492 10491 10492)
(inline-math 0 10497 10498 10497 10498)
(inline-math 0 10513 10514 10513 10514)
(inline-math 0 10517 10518 10517 10518)
(inline-math 0 10522 10523 10522 10523)
(inline-math 0 10526 10527 10526 10527)
(brace 8 10548 10550 10549 10550)
(brace 9 10566 10568 10567 10568)
(brace 8 10604 10606 10605 10606)
(brace 9 10615 10617 10616 10617)
(inline-math 0 10705 10706 10705 10706)
(brace 8 10708 10710 10709 10710)
(brace 9 10710 10712 10711 10712)
(inline-math 0 10717 10718 10717 10718)
(brace 9 10778 10780 10779 10780)
(environment 3 10782 10797 10782 10797)
(brace 4 10782 10787 10782 10787)
(brace 9 10795 10797 10796 10797)
(environment 3 10798 10807 10798 10807)
(brace 4 10798 10803 10798 10803)
(brace 9 10805 10807 10806 10807)
(brace 8 10816 10818 10817 10818)
(brace 9 10822 10824 10823 10824)
(environment 2 10826 10837 10826 10837)
(brace 3 10826 10833 10826 10833)
(brace 9 10835 10837 10836 10837)
(inline-math 0 10847 10848 10847 10848)
(inline-math 0 10851 10852 10851 10852)
(inline-math 0 10866 10867 10866 10867)
(inline-math 0 10873 10874 10873 10874)
(inline-math 0 10878 10879 10878 10879)
(inline-math 0 10901 10902 10901 10902)
(inline-math 0 10915 10916 10915 10916)
(brace 8 10950 10952 10951 10952)
(brace 9 10952 10954 10953 10954)
(brace 8 10953 10955 10954 10955)
(brace 9 10955 10957 10956 10957)
(inline-math 0 10970 10971 10970 10971)
(environment 2 10974 10991 10974 10991)
(brace 3 10974 10981 10974 10981)
(brace 9 10989 10991 10990 10991)
(inline-math 0 11020 11021 11020 11021)
(inline-math 0 11030 11031 11030 11031)
(inline-math 0 11033 11034 11033 11034)
(brace 8 11041 11043 11042 11043)
(brace 9 11044 11046 11045 11046)
(inline-math 0 11050 11051 11050 11051)
(inline-math 0 11138 11139 11138 11139)
(brace 8 11160 11162 11161 11162)
(brace 9 11162 11164 11163 11164)
(brace 8 11163 11165 11164 11165)
(brace 9 11165 11167 11166 11167)
(brace 8 11174 11176 11175 11176)
(brace 9 11176 11178 11177 11178)
(brace 8 11177 11179 11178 11179)
(brace 9 11179 11181 11180 11181)
(brace 8 11196 11198 11197 11198)
(brace 9 11198 11200 11199 11200)
(brace 8 11199 11201 11200 11201)
(brace 9 11201 11203 11202 11203)
(inline-math 0 11216 11217 11216 11217)
(inline-math 0 11244 11245 11244 11245)
(inline-math 0 11254 11255 11254 11255)
(inline-math 0 11265 11266 11265 11266)
(inline-math 0 11277 11278 11277 11278)
(inline-math 0 11287 11288 11287 11288)
(brace 8 11311 11313 11312 11313)
(brace 8 11317 11319 11318 11319)
(brace 9 11319 11321 11320 11321)
(brace 8 11320 11322 11321 11322)
(brace 9 11322 11324 11323 11324)
(brace 9 11323 11325 11324 11325)
(inline-math 0 11325 11326 11325 11326)
(inline-math 0 11346 11347 11346 11347)
(brace 8 11357 11359 11358 11359)
(brace 8 11363 11365 11364 11365)
(brace 9 11365 11367 11366 11367)
(brace 8 11366 11368 11367 11368)
(brace 9 11368 11370 11369 11370)
(brace 9 11369 11371 11370 11371)
(inline-math 0 11371 11372 11371 11372)
(inline-math 0 11433 11434 11433 11434)
(brace 8 11444 11446 11445 11446)
(brace 8 11450 11452 11451 11452)
(brace 9 11452 11454 11453 11454)
(brace 8 11453 11455 11454 11455)
(brace 9 11455 11457 11456 11457)
(brace 9 11456 11458 11457 11458)
(inline-math 0 11458 11459 11458 11459)
(environment 3 11484 11499 11484 11499)
(brace 4 11484 11489 11484 11489)
(brace 9 11497 11499 11498 11499)
(environment 3 11500 11509 11500 11509)
(brace 4 11500 11505 11500 11505)
(brace 9 11507 11509 11508 11509)
(brace 8 11517 11519 11518 11519)
(brace 9 11523 11525 11524 11525)
(environment 2 11526 11537 11526 11537)
(brace 3 11526 11533 11526 11533)
(brace 9 11535 11537 11536 11537)
(inline-math 0 11591 11592 11591 11592)
(inline-math 0 11595 11596 11595 11596)
(inline-math 0 11628 11629 11628 11629)
(inline-math 0 11637 11638 11637 11638)
(inline-math 0 11660 11661 11660 11661)
(inline-math 0 11664 11665 11664 11665)
(inline-math 0 11666 11667 11666 11667)
(inline-math 0 11668 11669 11668 11669)
(environment 2 11683 11700 11683 11700)
(brace 3 11683 11690 11683 11690)
(brace 9 11698 11700 11699 11700)
(inline-math 0 11735 11736 11735 11736)
(inline-math 0 11739 11740 11739 11740)
(inline-math 0 11753 11754 11753 11754)
(inline-math 0 11764 11765 11764 11765)
(inline-math 0 11807 11808 11807 11808)
(inline-math 0 11818 11819 11818 11819)
(inline-math 0 11824 11825 11824 11825)
(inline-math 0 11828 11829 11828 11829)
(inline-math 0 11861 11862 11861 11862)
(inline-math 0 11865 11866 11865 11866)
(inline-math 0 11878 11879 11878 11879)
(inline-math 0 11889 11890 11889 11890)
(inline-math 0 11923 11924 11923 11924)
(inline-math 0 11933 11934 11933 11934)
(inline-math 0 11939 11940 11939 11940)
(inline-math 0 11943 11944 11943 11944)
(inline-math 0 11981 11982 11981 11982)
(inline-math 0 11983 11984 11983 11984)
(inline-math 0 12008 12009 12008 12009)
(brace 8 12013 12015 12014 12015)
(brace 9 12017 12019 12018 12019)
(inline-math 0 12019 12020 12019 12020)
(inline-math 0 12022 12023 12022 12023)
(inline-math 0 12024 12025 12024 12025)
(inline-math 0 12039 12040 12039 12040)
(brace 8 12045 12047 12046 12047)
(brace 9 12049 12051 12050 12051)
(inline-math 0 12051 12052 12051 12052)
(inline-math 0 12063 12064 12063 12064)
(inline-math 0 12065 12066 12065 12066)
(inline-math 0 12070 12071 12070 12071)
(inline-math 0 12072 12073 12072 12073)
(inline-math 0 12090 12091 12090 12091)
(inline-math 0 12099 12100 12099 12100)
(inline-math 0 12104 12105 12104 12105)
(inline-math 0 12106 12107 12106 12107)
(inline-math 0 12113 12114 12113 12114)
(brace 8 12118 12120 12119 12120)
(brace 9 12122 12124 12123 12124)
(inline-math 0 12124 12125 12124 12125)
(inline-math 0 12132 12133 12132 12133)
(inline-math 0 12142 12143 12142 12143)
(inline-math 0 12152 12153 12152 12153)
(brace 8 12172 12174 12173 12174)
(brace 9 12176 12178 12177 12178)
(inline-math 0 12178 12179 12178 12179)
(inline-math 0 12192 12193 12192 12193)
(inline-math 0 12213 12214 12213 12214)
(inline-math 0 12247 12248 12247 12248)
(inline-math 0 12249 12250 12249 12250)
(inline-math 0 12254 12255 12254 12255)
(inline-math 0 12256 12257 12256 12257)
(inline-math 0 12268 12269 12268 12269)
(inline-math 0 12270 12271 12270 12271)
(inline-math 0 12275 12276 12275 12276)
(inline-math 0 12289 12290 12289 12290)
(inline-math 0 12310 12311 12310 12311)
(inline-math 0 12328 12329 12328 12329)
(inline-math 0 12331 12332 12331 12332)
(inline-math 0 12335 12336 12335 12336)
(inline-math 0 12344 12345 12344 12345)
(inline-math 0 12348 12349 12348 12349)
(inline-math 0 12369 12370 12369 12370)
(inline-math 0 12371 12372 12371 12372)
(inline-math 0 12428 12429 12428 12429)
(inline-math 0 12436 12437 12436 12437)
(inline-math 0 12463 12464 12463 12464)
(inline-math 0 12465 12466 12465 12466)
(inline-math 0 12508 12509 12508 12509)
(inline-math 0 12510 12511 12510 12511)
(inline-math 0 12538 12539 12538 12539)
(inline-math 0 12542 12543 12542 12543)
(inline-math 0 12568 12569 12568 12569)
(inline-math 0 12578 12579 12578 12579)
(inline-math 0 12583 12584 12583 12584)
(brace 8 12605 12607 12606 12607)
(brace 9 12609 12611 12610 12611)
(inline-math 0 12611 12612 12611 12612)
(inline-math 0 12614 12615 12614 12615)
(inline-math 0 12635 12636 12635 12636)
(inline-math 0 12655 12656 12655 12656)
(inline-math 0 12657 12658 12657 12658)
(inline-math 0 12679 12680 12679 12680)
(inline-math 0 12683 12684 12683 12684)
(inline-math 0 12714 12715 12714 12715)
(inline-math 0 12718 12719 12718 12719)
(inline-math 0 12742 12743 12742 12743)
(brace 8 12747 12749 12748 12749)
(brace 9 12753 12755 12754 12755)
(inline-math 0 12755 12756 12755 12756)
(inline-math 0 12771 12772 12771 12772)
(inline-math 0 12773 12774 12773 12774)
(environment 3 12788 12803 12788 12803)
(brace 4 12788 12793 12788 12793)
(brace 9 12801 12803 12802 12803)
(environment 3 12804 12813 12804 12813)
(brace 4 12804 12809 12804 12809)
(brace 9 12811 12813 12812 12813)
(environment 3 12816 12830 12816 12830)
(brace 4 12816 12821 12816 12821)
(brace 9 12828 12830 12829 12830)
